STARLINK-31
1 44235U 19029A   20175.75001157  .02927353  00000-0  54856-1 0  9990
2 44235  53.0028 177.8608 0005325 308.5693  50.3463 15.44576370 61228
STARLINK-22
1 44236U 19029B   20175.75001157  .00052827  00000-0  43756-3 0  9993
2 44236  53.0023 137.4897 0007147 279.6865  15.8552 15.69708679 61781
STARLINK-23
1 44237U 19029C   20175.75001157 -.00008047  00000-0 -16560-3 0  9994
2 44237  52.9964 177.3090 0001237 109.3091 349.7852 15.43873652 60121
STARLINK-24
1 44238U 19029D   20175.50051283  .00001808  00000-0  11778-3 0  9995
2 44238  52.9969 181.8476 0000726  84.3646 275.7428 15.13073500 59952
STARLINK-25
1 44239U 19029E   20175.75001157 -.00009008  00000-0 -18656-3 0  9992
2 44239  53.0052 176.7907 0001117  76.2121 292.3844 15.43863237 60049
STARLINK-26
1 44240U 19029F   20175.60488145  .00001592  00000-0  41831-4 0  9994
2 44240  53.0098 135.6180 0002843  58.7556 301.3727 15.45238118 60689
STARLINK-27
1 44241U 19029G   20175.75001157 -.00005923  00000-0 -11953-3 0  9990
2 44241  53.0061 177.7242 0001230  79.1173  73.8954 15.43856433 60112
STARLINK-28
1 44242U 19029H   20175.75001157  .06782857  00000-0  53695-1 0  9990
2 44242  52.9926 131.7402 0001199 292.0189 325.7281 15.65990080 60748
STARLINK-29
1 44243U 19029J   20175.75001157  .00013062  00000-0  17802-3 0  9992
2 44243  53.0003  80.6101 0008100 226.1276 351.3725 15.57889706 61459
STARLINK-30
1 44244U 19029K   20175.75001157 -.00008434  00000-0 -17413-3 0  9990
2 44244  52.9963 177.2097 0001240 105.5554 293.5675 15.43851577 60075
STARLINK-21
1 44245U 19029L   20175.75001157  .06587662  00000-0  13467+0 0  9991
2 44245  52.9943 177.9392 0005392 196.3786  18.0292 15.40541785 60086
STARLINK-33
1 44247U 19029N   20175.75001157  .05589544  00000-0  38059-1 0  9999
2 44247  53.0036 132.1620 0002852 185.3298 331.2533 15.69892883 60777
STARLINK-34
1 44248U 19029P   20175.75001157  .00048684  00000-0  40470-3 0  9992
2 44248  52.9997 141.5280 0001315  77.5814 199.9736 15.69684776 60546
STARLINK-61
1 44249U 19029Q   20175.71167840 -.00000440  00000-0 -57683-5 0  9997
2 44249  52.9996 168.8197 0007539  34.2429 325.9049 15.18228851 60248
STARLINK-36
1 44250U 19029R   20175.75001157 -.00007163  00000-0 -14652-3 0  9997
2 44250  52.9963 177.3019 0000633  88.3848 340.7136 15.43850204 60079
STARLINK-37
1 44251U 19029S   20175.75001157 -.00004495  00000-0 -88464-4 0  9996
2 44251  52.9779 176.3052 0001219 129.2260 305.8607 15.43861566 60040
STARLINK-71
1 44252U 19029T   20175.49293830  .00000313  00000-0  34851-4 0  9993
2 44252  53.0004 182.2946 0000110 133.0890 227.0110 15.12338342 59941
STARLINK-39
1 44253U 19029U   20175.75001157 -.00007949  00000-0 -16352-3 0  9991
2 44253  53.0052 177.6840 0001093  78.4782  62.5780 15.43864041 60096
STARLINK-32
1 44254U 19029V   20175.75001157 -.00006762  00000-0 -13779-3 0  9994
2 44254  52.9959 177.3003 0001221 117.0651 336.0227 15.43851216 60069
STARLINK-66
1 44255U 19029W   20175.75001157  .00051002  00000-0  57387-3 0  9993
2 44255  53.0024 133.1930 0000863  84.8860 128.8414 15.62091980 60686
STARLINK-42
1 44256U 19029X   20175.75001157  .00050307  00000-0  46964-3 0  9990
2 44256  52.9929 133.3078 0004904 342.3893 136.1626 15.66814375 60639
STARLINK-43
1 44257U 19029Y   20175.75001157  .00043951  00000-0  14134-2 0  9991
2 44257  53.0024 128.0130 0000777  47.7697  47.4809 15.31840565 60819
STARLINK-40
1 44258U 19029Z   20175.75001157 -.00008054  00000-0 -16573-3 0  9999
2 44258  52.9964 177.3090 0001106 125.1509 321.9258 15.43875907 60092
STARLINK-52
1 44259U 19029AA  20175.75001157  .00020039  00000-0  21090-3 0  9995
2 44259  53.0017  81.9192 0000940  81.6056 212.2667 15.64314747 61321
STARLINK-45
1 44260U 19029AB  20175.75001157 -.00005003  00000-0 -99522-4 0  9999
2 44260  53.0070 176.2441 0000941 104.1750  12.8606 15.43857342 60179
STARLINK-44
1 44261U 19029AC  20175.75001157 -.00008039  00000-0 -16543-3 0  9993
2 44261  52.9961 177.2878 0000833  78.5446   2.5149 15.43874414 60119
STARLINK-49
1 44262U 19029AD  20175.75001157 -.00010421  00000-0 -21717-3 0  9991
2 44262  53.0062 177.7317 0001149  92.2222  66.8573 15.43879561 60126
STARLINK-72
1 44263U 19029AE  20175.75001157 -.00010425  00000-0 -21741-3 0  9993
2 44263  52.9971 177.1612 0001317 106.4045 286.6491 15.43856589 60108
STARLINK-35
1 44264U 19029AF  20175.75001157 -.00010525  00000-0 -21943-3 0  9999
2 44264  52.9963 177.2455 0001145 115.1825 295.9347 15.43880527 60098
STARLINK-63
1 44265U 19029AG  20175.75001157 -.00007203  00000-0 -14737-3 0  9992
2 44265  52.9957 176.6149 0001106 104.9384 312.1744 15.43852624 60133
STARLINK-54
1 44266U 19029AH  20175.75001157 -.00007261  00000-0 -14860-3 0  9994
2 44266  52.9967 176.5778 0001288  77.4957 123.5375 15.43855506 60050
STARLINK-69
1 44267U 19029AJ  20175.75001157 -.00004725  00000-0 -93474-4 0  9996
2 44267  52.9981 176.4639 0001281 116.9466  12.1188 15.43859887 60106
STARLINK-55
1 44268U 19029AK  20175.76523295  .00005341  00000-0  71472-4 0  9997
2 44268  52.9938 132.5162 0001420  34.0284 326.0818 15.59855409 60689
STARLINK-57
1 44269U 19029AL  20175.75001157 -.00009633  00000-0 -20002-3 0  9997
2 44269  52.9998 177.0025 0000880 107.6590  57.4322 15.43882351 60149
STARLINK-58
1 44270U 19029AM  20175.75001157  .00039401  00000-0  48780-3 0  9996
2 44270  53.0018 142.9444 0000344 315.9836 205.6700 15.59713127 60614
STARLINK-59
1 44271U 19029AN  20175.75001157 -.00008042  00000-0 -16557-3 0  9993
2 44271  52.9947 176.5366 0001087  98.1481 282.9519 15.43859003 60120
STARLINK-51
1 44272U 19029AP  20175.75001157 -.00007993  00000-0 -16449-3 0  9998
2 44272  52.9945 177.1614 0001202  91.1251 313.9432 15.43860001 60094
STARLINK-60
1 44273U 19029AQ  20175.73908895  .00024080  00000-0  30260-3 0  9993
2 44273  52.9964  71.5775 0007312  97.3709 262.8133 15.59560852 61577
STARLINK-62
1 44274U 19029AR  20175.75001157  .00048387  00000-0  40216-3 0  9999
2 44274  53.0041 141.6548 0001321 126.5560 116.3931 15.69691423 60586
STARLINK-64
1 44275U 19029AS  20175.75001157  .00026404  00000-0  70175-3 0  9993
2 44275  52.9919 154.6588 0006083 346.5414  64.7938 15.38078993 60400
STARLINK-65
1 44276U 19029AT  20175.75001157 -.00011782  00000-0 -25294-3 0  9991
2 44276  52.9982 177.4133 0001211  54.8375 164.4662 15.43156606 60106
STARLINK-41
1 44277U 19029AU  20175.75001157  .00049511  00000-0  41116-3 0  9992
2 44277  53.0059 133.6718 0001499  49.3946 236.8058 15.69701882 60718
STARLINK-68
1 44279U 19029AW  20175.75001157  .04237997  00000-0  74221-1 0  9996
2 44279  52.9932 176.2548 0003171  63.1907 293.7213 15.45732140 60071
STARLINK-38
1 44280U 19029AX  20175.75001157 -.00012270  00000-0 -25762-3 0  9999
2 44280  52.9982 177.0986 0001155  84.7400 278.3927 15.43852497 60123
STARLINK-70
1 44281U 19029AY  20175.75001157 -.00015701  00000-0 -48390-3 0  9994
2 44281  52.9970 177.8612 0000557 104.3984 119.9167 15.32431720 60043
STARLINK-80
1 44282U 19029AZ  20175.38395075  .00003306  00000-0  14243-3 0  9995
2 44282  53.0243 145.8951 0002883 259.4987 100.5685 15.25415103 60511
STARLINK-56
1 44283U 19029BA  20175.75001157 -.00009325  00000-0 -19352-3 0  9997
2 44283  52.9977 177.1817 0001097  86.3943 288.6956 15.43851758 60113
STARLINK-73
1 44284U 19029BB  20175.75001157 -.00009584  00000-0 -19901-3 0  9995
2 44284  52.9977 177.1556 0001050  97.8917 271.1438 15.43875445 60101
STARLINK-50
1 44285U 19029BC  20175.75001157 -.00010847  00000-0 -22660-3 0  9996
2 44285  53.0011 178.5664 0001225  96.8051 290.2525 15.43858359 61150
STARLINK-75
1 44286U 19029BD  20175.75001157  .04714034  00000-0  42722-1 0  9997
2 44286  53.0037 135.0589 0003032 239.5106 192.5265 15.63450154 61763
STARLINK-76
1 44287U 19029BE  20175.75001157 -.00008091  00000-0 -16652-3 0  9990
2 44287  52.9966 177.3302 0000780 125.2696 339.8370 15.43881719 61178
STARLINK-79
1 44288U 19029BF  20175.75001157 -.00011784  00000-0 -24686-3 0  9990
2 44288  53.0076 177.8140 0001134  97.7019  79.3677 15.43874356 61179
STARLINK-48
1 44289U 19029BG  20175.63823904  .00000141  00000-0  21247-4 0  9994
2 44289  53.0035 155.0913 0000296 181.1529 178.9464 15.19998155 61462
STARLINK-78
1 44290U 19029BH  20175.75001157 -.00004637  00000-0 -91567-4 0  9995
2 44290  53.0071 177.7036 0001338  80.5988  90.4163 15.43855073 61170
STARLINK-77
1 44291U 19029BJ  20175.83334491  .00034422  00000-0  75320-3 0  9996
2 44291  53.0085 177.4942 0001201  91.6644 206.8279 15.43840020 61188
STARLINK-81
1 44292U 19029BK  20175.75001157 -.00008889  00000-0 -18398-3 0  9990
2 44292  53.0085 177.9166 0001437  67.1874 139.8261 15.43859460 61168
STARLINK-74
1 44293U 19029BL  20175.75001157 -.00005503  00000-0 -11036-3 0  9993
2 44293  53.0060 177.7555 0001131  96.2765  50.7347 15.43865308 61169
STARLINK-53
1 44294U 19029BM  20175.75001157 -.00009904  00000-0 -20615-3 0  9996
2 44294  52.9960 176.5058 0001134  88.2538 262.8284 15.43849332 61170
STARLINK-1007
1 44713U 19074A   20175.83334491  .00018048  00000-0  12545-2 0  9990
2 44713  52.9978 185.9025 0001249  99.1484  72.7432 15.05585726 34705
STARLINK-1008
1 44714U 19074B   20175.83334491  .00021265  00000-0  14749-2 0  9994
2 44714  53.0000 185.8958 0001438  85.1622 176.7602 15.05563085 34705
STARLINK-1009
1 44715U 19074C   20175.83334491  .00025883  00000-0  17908-2 0  9995
2 44715  52.9987 185.9033 0001263  88.5629 227.3800 15.05544161 34698
STARLINK-1010
1 44716U 19074D   20175.75001157 -.00025895  00000-0 -20438-2 0  9994
2 44716  52.9874 186.1926 0001088  96.1539 256.3109 15.00063794 34684
STARLINK-1011
1 44717U 19074E   20175.83334491 -.00009591  00000-0 -63964-3 0  9991
2 44717  52.9978 205.9049 0000852 106.5338  81.2699 15.05598293 34420
STARLINK-1012
1 44718U 19074F   20175.75001157 -.00024137  00000-0 -16415-2 0  9994
2 44718  52.9998 186.2739 0001268  98.1838 197.7149 15.05614243 34688
STARLINK-1013
1 44719U 19074G   20175.75001157 -.00026755  00000-0 -18222-2 0  9991
2 44719  53.0003 186.2750 0001290  91.4334 150.4853 15.05617404 34683
STARLINK-1014
1 44720U 19074H   20175.75001157 -.00020007  00000-0 -13563-2 0  9990
2 44720  53.0006 186.2706 0006744 109.8026  42.2107 15.05597764 34686
STARLINK-1015
1 44721U 19074J   20175.83334491  .00027618  00000-0  19079-2 0  9991
2 44721  52.9986 185.9103 0001366 101.5613 196.3565 15.05566737 34691
STARLINK-1016
1 44722U 19074K   20175.83334491  .00029738  00000-0  20512-2 0  9991
2 44722  53.0005 185.8911 0001426  92.7335 187.1657 15.05585849 34708
STARLINK-1017
1 44723U 19074L   20175.75001157 -.00023549  00000-0 -16017-2 0  9994
2 44723  53.0006 186.2742 0000603  78.8288  37.1834 15.05597965 34685
STARLINK-1019
1 44724U 19074M   20175.83334491  .00021818  00000-0  15115-2 0  9997
2 44724  52.9995 185.9004 0001182  96.1506 309.7012 15.05591893 34698
STARLINK-1020
1 44725U 19074N   20175.83334491 -.00011930  00000-0 -80133-3 0  9997
2 44725  53.0005 205.8989 0000705 104.9448 226.7925 15.05565860 34416
STARLINK-1021
1 44726U 19074P   20175.83334491  .00021474  00000-0  14886-2 0  9991
2 44726  52.9974 185.9028 0001347 100.7430 323.1742 15.05576272 34698
STARLINK-1022
1 44727U 19074Q   20175.83334491 -.00032155  00000-0 -21964-2 0  9997
2 44727  53.0044 225.8749 0001273  96.6451  37.4337 15.05602302 34157
STARLINK-1023
1 44728U 19074R   20175.83334491  .00018343  00000-0  12750-2 0  9992
2 44728  52.9992 185.8995 0000941  96.0744  93.8459 15.05573641 34701
STARLINK-1024
1 44729U 19074S   20175.83334491 -.00011795  00000-0 -79154-3 0  9991
2 44729  52.9981 205.8990 0000801 107.2091 134.5030 15.05586923 34427
STARLINK-1025
1 44730U 19074T   20175.83334491  .00019421  00000-0  13493-2 0  9998
2 44730  52.9999 185.8989 0001283  96.6812 129.1970 15.05554124 34702
STARLINK-1026
1 44731U 19074U   20175.83334491  .00021483  00000-0  14884-2 0  9995
2 44731  52.9985 185.8999 0001434  87.2033 264.6998 15.05597362 34692
STARLINK-1027
1 44732U 19074V   20175.83334491 -.00010330  00000-0 -69020-3 0  9990
2 44732  52.9989 205.8999 0001303  96.2649 289.4687 15.05613354 34418
STARLINK-1028
1 44733U 19074W   20175.83334491  .00020788  00000-0  14423-2 0  9993
2 44733  52.9978 185.9004 0001515 107.6534 334.2923 15.05563669 34692
STARLINK-1029
1 44734U 19074X   20175.40585149 -.00012757  00000-0 -14190-3 0  9996
2 44734  52.9976 147.8663 0004408 357.9351   2.1642 15.61223095 35193
STARLINK-1030
1 44735U 19074Y   20175.83334491 -.00011502  00000-0 -77078-3 0  9997
2 44735  52.9998 205.8999 0001255  91.8837 257.8815 15.05615571 34412
STARLINK-1031
1 44736U 19074Z   20175.83334491 -.00012206  00000-0 -82003-3 0  9994
2 44736  52.9964 205.9142 0001309  84.9648 174.7262 15.05576624 34429
STARLINK-1032
1 44737U 19074AA  20175.83334491 -.00010264  00000-0 -68595-3 0  9997
2 44737  52.9983 205.9010 0000922 103.0308 102.7558 15.05599524 34424
STARLINK-1033
1 44738U 19074AB  20175.83334491 -.00009957  00000-0 -66546-3 0  9999
2 44738  52.9977 205.9086 0001259 107.7827 170.0422 15.05562363 34410
STARLINK-1052
1 44739U 19074AC  20175.83334491 -.00012312  00000-0 -82709-3 0  9998
2 44739  53.0000 205.8994 0000616 109.0959 204.6332 15.05589714 34417
STARLINK-1035
1 44740U 19074AD  20175.83334491 -.00011488  00000-0 -77070-3 0  9998
2 44740  52.9979 205.9019 0001223 101.7368 122.0426 15.05572583 34423
STARLINK-1036
1 44741U 19074AE  20175.83334491 -.00009458  00000-0 -63083-3 0  9992
2 44741  52.9996 205.8997 0001271 108.1124  61.6488 15.05580391 34423
STARLINK-1037
1 44742U 19074AF  20175.46110150  .00000609  00000-0  60334-4 0  9990
2 44742  52.9984 207.3583 0001635  78.0818 282.0353 15.06007613 34363
STARLINK-1038
1 44743U 19074AG  20175.83334491 -.00034839  00000-0 -23825-2 0  9994
2 44743  52.9973 225.9014 0001159 112.0341 130.0477 15.05597969 34140
STARLINK-1039
1 44744U 19074AH  20175.83334491 -.00033931  00000-0 -23197-2 0  9999
2 44744  52.9988 225.9012 0000874 109.4318  96.6168 15.05597430 34149
STARLINK-1040
1 44745U 19074AJ  20175.55040867  .00083413  14003-4  20501-3 0  9997
2 44745  52.9793 117.0566 0001041 103.2215 256.8928 15.96137518 35629
STARLINK-1041
1 44746U 19074AK  20175.83334491 -.00036166  00000-0 -24753-2 0  9993
2 44746  52.9974 225.8997 0000950 106.4686 153.6526 15.05586221 34145
STARLINK-1042
1 44747U 19074AL  20175.83334491 -.00032311  00000-0 -22076-2 0  9998
2 44747  53.0045 225.8781 0001194  99.7161  16.3489 15.05596059 34144
STARLINK-1043
1 44748U 19074AM  20175.83334491 -.00035645  00000-0 -24389-2 0  9991
2 44748  53.0008 225.8988 0001096  98.9371 233.1319 15.05589722 34148
STARLINK-1044
1 44749U 19074AN  20175.83334491 -.00009338  00000-0 -62251-3 0  9993
2 44749  52.9983 205.8992 0001070 111.9398  39.8185 15.05584107 34413
STARLINK-1045
1 44750U 19074AP  20175.83334491 -.00032054  00000-0 -21887-2 0  9995
2 44750  52.9980 225.9049 0000764  95.1096  92.9831 15.05614526 34142
STARLINK-1046
1 44751U 19074AQ  20175.83334491 -.00034819  00000-0 -23824-2 0  9990
2 44751  52.9991 225.9004 0000653 113.2962 110.8477 15.05579465 34145
STARLINK-1047
1 44752U 19074AR  20175.83334491 -.00009396  00000-0 -62633-3 0  9995
2 44752  52.9981 205.9004 0000929 104.6124  29.1359 15.05592131 34419
STARLINK-1048
1 44753U 19074AS  20175.83334491  .00017904  00000-0  12454-2 0  9993
2 44753  52.9968 185.9027 0001228  99.2493  54.6558 15.05563009 34706
STARLINK-1049
1 44754U 19074AT  20175.83334491  .00018097  00000-0  12589-2 0  9997
2 44754  52.9982 185.9018 0001356  95.2362  40.6582 15.05554491 34691
STARLINK-1050
1 44755U 19074AU  20175.83334491 -.00032554  00000-0 -22250-2 0  9990
2 44755  53.0031 225.8712 0001017 108.7790  61.3003 15.05585911 34153
STARLINK-1051
1 44756U 19074AV  20175.83334491  .00018575  00000-0  12909-2 0  9996
2 44756  52.9991 185.8994 0000580 110.1142   7.8893 15.05572726 34697
STARLINK-1034
1 44757U 19074AW  20175.83334491 -.00009586  00000-0 -63998-3 0  9996
2 44757  53.0001 205.9012 0000721 109.1876 312.5869 15.05562049 34412
STARLINK-1053
1 44758U 19074AX  20175.83334491 -.00034127  00000-0 -23326-2 0  9996
2 44758  53.0007 225.8860 0001031  99.8788 304.2531 15.05608329 34149
STARLINK-1054
1 44759U 19074AY  20175.83334491 -.00032874  00000-0 -22469-2 0  9991
2 44759  53.0030 225.8811 0001376 110.6920 329.3882 15.05590460 34147
STARLINK-1055
1 44760U 19074AZ  20175.83334491 -.00032188  00000-0 -21976-2 0  9993
2 44760  53.0045 225.8744 0001097 106.1443  45.8822 15.05620535 34152
STARLINK-1056
1 44761U 19074BA  20175.83334491 -.00032653  00000-0 -22302-2 0  9995
2 44761  53.0041 225.8802 0001325 105.5615 352.5183 15.05613627 34143
STARLINK-1057
1 44762U 19074BB  20175.83334491 -.00007882  00000-0 -52249-3 0  9996
2 44762  52.9999 205.8992 0000918 110.1564 329.5377 15.05572093 34414
STARLINK-1058
1 44763U 19074BC  20175.83334491 -.00033026  00000-0 -22566-2 0  9994
2 44763  52.9989 225.8956 0001128 118.9446 231.0484 15.05604369 34143
STARLINK-1059
1 44764U 19074BD  20175.83334491 -.00009410  00000-0 -62739-3 0  9992
2 44764  52.9977 205.9010 0000489 111.5571 346.2591 15.05589773 34417
STARLINK-1060
1 44765U 19074BE  20175.83334491 -.00010886  00000-0 -72923-3 0  9998
2 44765  52.9978 205.9023 0001334  95.5955 272.1523 15.05573768 34419
STARLINK-1061
1 44766U 19074BF  20175.83334491 -.00034804  00000-0 -23810-2 0  9995
2 44766  53.0021 225.8913 0001112  99.7002 286.3911 15.05584458 34149
STARLINK-1062
1 44767U 19074BG  20175.83334491 -.00031927  00000-0 -21811-2 0  9998
2 44767  53.0020 225.8820 0001261  98.7292 323.3395 15.05593938 34142
STARLINK-1063
1 44768U 19074BH  20175.83334491 -.00035837  00000-0 -24511-2 0  9993
2 44768  52.9996 225.8968 0000844 117.2442 178.8930 15.05607495 34148
STARLINK-1064
1 44769U 19074BJ  20175.83334491 -.00035825  00000-0 -24505-2 0  9994
2 44769  52.9977 225.9024 0000557 131.9497 146.1507 15.05604127 34143
STARLINK-1065
1 44770U 19074BK  20175.49137461  .00000568  00000-0  57559-4 0  9997
2 44770  53.0039 227.2609 0001201  58.8728 301.2378 15.05995926 34095
STARLINK-1067
1 44771U 19074BL  20175.83334491 -.00035115  00000-0 -24011-2 0  9991
2 44771  53.0000 225.8903 0000882  97.1424 270.9791 15.05606385 34143
STARLINK-1068
1 44772U 19074BM  20175.83334491 -.00006931  00000-0 -45706-3 0  9991
2 44772  52.9979 205.9004 0001160  98.1216 305.6585 15.05575468 34412
STARLINK-1073
1 44914U 20001A   20175.58335648 -.00019220  00000-0 -13029-2 0  9995
2 44914  52.9995 347.0245 0001553 112.5405  75.0025 15.05597607 25584
STARLINK-1084
1 44915U 20001B   20175.58335648 -.00019826  00000-0 -13449-2 0  9994
2 44915  53.0002 347.0234 0001222 105.2561 280.2827 15.05591164 25592
STARLINK-1097
1 44916U 20001C   20175.58335648 -.00025864  00000-0 -17616-2 0  9994
2 44916  52.9997 347.0243 0001498 118.3884 213.0680 15.05596630 25585
STARLINK-1098
1 44917U 20001D   20175.83334491  .00013353  00000-0  93373-3 0  9991
2 44917  53.0005 345.9005 0001138 102.0217 181.2743 15.05584446 25625
STARLINK-1099
1 44918U 20001E   20175.83334491  .00014646  00000-0  10228-2 0  9995
2 44918  53.0009 345.9004 0001392 112.6779 116.5929 15.05559081 26367
STARLINK-1101
1 44919U 20001F   20175.83334491  .00014590  00000-0  10180-2 0  9991
2 44919  52.9996 345.9017 0001617 116.5838  40.7025 15.05594912 25629
STARLINK-1102
1 44920U 20001G   20175.75001157 -.00020564  00000-0 -13963-2 0  9996
2 44920  52.9997 346.2757 0001470 100.5444 306.8217 15.05577925 25613
STARLINK-1103
1 44921U 20001H   20175.75001157 -.00021097  00000-0 -14325-2 0  9992
2 44921  52.9996 346.2754 0001296 117.4394 325.8487 15.05594331 25617
STARLINK-1104
1 44922U 20001J   20175.75001157 -.00015820  00000-0 -10683-2 0  9993
2 44922  52.9984 346.2731 0001514 107.1478  12.2046 15.05604880 25611
STARLINK-1106
1 44923U 20001K   20175.75001157 -.00017401  00000-0 -11781-2 0  9991
2 44923  53.0003 346.2774 0001395 107.4739 227.8831 15.05577556 25607
STARLINK-1111
1 44924U 20001L   20175.75001157 -.00019872  00000-0 -13482-2 0  9996
2 44924  52.9995 346.2769 0001482 107.5178 281.7623 15.05587241 25616
STARLINK-1112
1 44925U 20001M   20175.75001157 -.00016798  00000-0 -11365-2 0  9999
2 44925  52.9990 346.2731 0001414  97.9200 219.4303 15.05578369 25607
STARLINK-1113
1 44926U 20001N   20175.75001157 -.00015936  00000-0 -10773-2 0  9995
2 44926  53.0007 346.2670 0001287 106.2589 175.1443 15.05569255 26353
STARLINK-1114
1 44927U 20001P   20175.75001157 -.00015851  00000-0 -10708-2 0  9990
2 44927  52.9991 346.2737 0001395 106.9706 138.2960 15.05590466 25616
STARLINK-1119
1 44928U 20001Q   20175.75001157 -.00014227  00000-0 -95902-3 0  9997
2 44928  52.9997 346.2745 0001280 109.6193 153.7319 15.05588079 25612
STARLINK-1121
1 44929U 20001R   20175.75001157 -.00018070  00000-0 -12244-2 0  9995
2 44929  52.9985 346.2750 0001403  98.2159 255.1103 15.05572541 25602
STARLINK-1123
1 44930U 20001S   20175.75001157 -.00018063  00000-0 -12233-2 0  9997
2 44930  53.0013 346.2756 0001269 101.4286  71.8650 15.05592336 25617
STARLINK-1128
1 44931U 20001T   20175.75001157 -.00016318  00000-0 -11029-2 0  9991
2 44931  53.0004 346.2680 0001473 105.3087 193.9779 15.05593794 26352
STARLINK-1130 (DARKSAT)
1 44932U 20001U   20175.75001157 -.00016140  00000-0 -10912-2 0  9995
2 44932  53.0013 346.2755 0001410 110.1481 117.1881 15.05576467 26843
STARLINK-1144
1 44933U 20001V   20175.75001157 -.00015280  00000-0 -10311-2 0  9993
2 44933  52.9999 346.2795 0001425 103.2842 358.0589 15.05604957 26903
STARLINK-1071
1 44934U 20001W   20175.75001157  .00001872  00000-0  14762-3 0  9999
2 44934  53.0000 326.2775 0001330 100.7717 254.6066 15.05576108 25886
STARLINK-1072
1 44935U 20001X   20175.75001157 -.00001929  00000-0 -11319-3 0  9990
2 44935  53.0013 326.2768 0001451 103.0970  54.3404 15.05595506 25899
STARLINK-1078
1 44936U 20001Y   20175.75001157  .00003638  00000-0  26881-3 0  9998
2 44936  52.9987 326.2741 0001414 101.9188 289.4971 15.05562629 25896
STARLINK-1079
1 44937U 20001Z   20175.75001157  .00002596  00000-0  19740-3 0  9997
2 44937  52.9997 326.2711 0001266 108.1886  13.2998 15.05559604 25895
STARLINK-1082
1 44938U 20001AA  20175.75001157  .00003748  00000-0  27621-3 0  9995
2 44938  52.9994 326.2778 0001094  97.3968 168.0706 15.05585161 25887
STARLINK-1083
1 44939U 20001AB  20175.75001157  .00002486  00000-0  18980-3 0  9992
2 44939  52.9941 326.2994 0001473 105.6776 123.8267 15.05562185 25883
STARLINK-1091
1 44940U 20001AC  20175.75001157 -.00000765  00000-0 -33370-4 0  9995
2 44940  52.9900 326.3227 0001254 100.4797  74.9940 15.05559858 25880
STARLINK-1094
1 44941U 20001AD  20175.75001157 -.00003065  00000-0 -19127-3 0  9995
2 44941  53.0009 326.2743 0001313 108.5349 318.9268 15.05582365 25897
STARLINK-1096
1 44942U 20001AE  20175.75001157 -.00002972  00000-0 -18499-3 0  9993
2 44942  53.0003 326.2741 0001470 108.1282  31.3951 15.05563853 25892
STARLINK-1100
1 44943U 20001AF  20175.75001157  .00003196  00000-0  23849-3 0  9996
2 44943  52.9964 326.2885 0001574  90.4479 157.0168 15.05570325 25889
STARLINK-1108
1 44944U 20001AG  20175.75001157  .00000266  00000-0  37410-4 0  9992
2 44944  52.9996 326.2770 0001345 101.7966 271.6037 15.05605978 25893
STARLINK-1109
1 44945U 20001AH  20175.75001157  .00004144  00000-0  30347-3 0  9993
2 44945  52.9916 326.3162 0001258 115.1728  78.2768 15.05570548 25885
STARLINK-1110
1 44946U 20001AJ  20175.68560458  .00000621  00000-0  61630-4 0  9996
2 44946  53.0045 326.5512 0002232 115.2820 244.8400 15.05704279 25883
STARLINK-1116
1 44947U 20001AK  20175.75001157 -.00003954  00000-0 -25230-3 0  9990
2 44947  53.0003 326.2750 0001322 105.0995 358.3486 15.05586914 25898
STARLINK-1122
1 44949U 20001AM  20175.75001157  .00003965  00000-0  29115-3 0  9998
2 44949  53.0007 326.2753 0001354 110.5039 190.9360 15.05582901 25884
STARLINK-1125
1 44950U 20001AN  20175.75001157  .00001511  00000-0  12286-3 0  9996
2 44950  52.9931 326.3038 0001187 102.7018 108.7932 15.05584934 25881
STARLINK-1126
1 44951U 20001AP  20175.69723266 -.00000206  00000-0  50273-5 0  9993
2 44951  53.0038 326.5148 0001809 120.7915 239.3251 15.05613029 27170
STARLINK-1117
1 44952U 20001AQ  20175.75001157  .00002632  00000-0  19984-3 0  9995
2 44952  52.9993 326.2767 0001299 103.0379 306.3885 15.05565620 25892
STARLINK-1124
1 44953U 20001AR  20175.75001157  .00003534  00000-0  26159-3 0  9990
2 44953  52.9995 326.2767 0001160 104.6300 214.7756 15.05580845 27171
STARLINK-1066
1 44954U 20001AS  20175.75001157  .00025737  00000-0  17794-2 0  9994
2 44954  53.0021 306.2745 0001428 124.1804  53.3651 15.05574434 26112
STARLINK-1069
1 44955U 20001AT  20175.75001157  .00022306  00000-0  15462-2 0  9994
2 44955  53.0012 306.2705 0001399 102.8273  20.7516 15.05556390 26118
STARLINK-1070
1 44956U 20001AU  20175.75001157  .00023362  00000-0  16173-2 0  9998
2 44956  52.9994 306.2745 0001197  98.6866  42.9196 15.05577854 26170
STARLINK-1074
1 44957U 20001AV  20175.75001157  .00025830  00000-0  17849-2 0  9992
2 44957  52.9984 306.2759 0001407 113.9996 243.5474 15.05591641 26161
STARLINK-1075
1 44958U 20001AW  20175.75001157  .00023911  00000-0  16554-2 0  9993
2 44958  52.9998 306.2798 0001201 105.4308 288.0778 15.05564025 26173
STARLINK-1076
1 44959U 20001AX  20175.75001157  .00028105  00000-0  19408-2 0  9995
2 44959  52.9928 306.3025 0001087 102.7142 182.9110 15.05571946 26160
STARLINK-1077
1 44960U 20001AY  20175.75001157  .00022575  00000-0  15637-2 0  9992
2 44960  53.0005 306.2767 0001259 101.0813 310.5316 15.05576363 26176
STARLINK-1080
1 44961U 20001AZ  20175.75001157  .00028202  00000-0  19477-2 0  9992
2 44961  53.0045 306.2560 0001304 102.7595 146.7613 15.05566933 26179
STARLINK-1081
1 44962U 20001BA  20175.75001157  .00024558  00000-0  17000-2 0  9993
2 44962  53.0000 306.2740 0001351 108.0613  51.5775 15.05553379 26175
STARLINK-1085
1 44963U 20001BB  20175.75001157  .00021457  00000-0  14876-2 0  9997
2 44963  52.9999 306.2706 0001402  96.3276   9.3022 15.05573504 26903
STARLINK-1086
1 44964U 20001BC  20175.75001157  .00021448  00000-0  14878-2 0  9990
2 44964  52.9997 306.2786 0001373 114.0705 333.5149 15.05553285 26177
STARLINK-1088
1 44966U 20001BE  20175.75001157  .00026727  00000-0  18474-2 0  9993
2 44966  52.9978 306.2759 0001367 106.7110 214.8988 15.05562356 26169
STARLINK-1089
1 44967U 20001BF  20175.75001157  .00027556  00000-0  19032-2 0  9996
2 44967  53.0005 306.2693 0001072 132.2870  81.3728 15.05575970 26176
STARLINK-1090
1 44968U 20001BG  20175.75001157  .00034483  00000-0  23763-2 0  9990
2 44968  53.0025 306.2721 0001815  76.2955 155.2930 15.05547337 26179
STARLINK-1092
1 44969U 20001BH  20175.75001157  .00028226  00000-0  19501-2 0  9994
2 44969  52.9893 306.3234 0001475  91.5212 176.0637 15.05551003 26168
STARLINK-1093
1 44970U 20001BJ  20175.75001157  .00024763  00000-0  17132-2 0  9996
2 44970  52.9987 306.2768 0001307 112.9801 262.5578 15.05570272 26176
STARLINK-1095
1 44971U 20001BK  20175.75001157  .00022194  00000-0  15376-2 0  9991
2 44971  53.0000 306.2792 0001081 123.3684 306.2902 15.05579494 26178
STARLINK-1107
1 44972U 20001BL  20175.75001157  .00026779  00000-0  18504-2 0  9991
2 44972  53.0017 306.2699 0001055  92.9924 102.5537 15.05573698 26173
STARLINK-1115
1 44973U 20001BM  20175.75001157  .00027471  00000-0  19002-2 0  9996
2 44973  52.9960 306.2934 0001191 100.8578 202.5685 15.05520741 26161
STARLINK-1132
1 45044U 20006A   20175.25002315  .00022589  00000-0  15642-2 0  9994
2 45044  52.9981 268.5155 0001038 118.9669 213.4635 15.05587638  1752
STARLINK-1120
1 45045U 20006B   20175.25002315  .00039916  00000-0  27450-2 0  9997
2 45045  52.9994 288.5206 0001425 114.6996 215.4940 15.05555865  1750
STARLINK-1129
1 45046U 20006C   20175.25002315  .00034085  00000-0  23485-2 0  9994
2 45046  52.9997 288.5267 0001307 107.8933 168.3410 15.05559425  1759
STARLINK-1131
1 45047U 20006D   20175.25002315  .00036346  00000-0  25028-2 0  9992
2 45047  52.9996 288.5186 0001087 123.1762 189.1230 15.05550548  1753
STARLINK-1134
1 45048U 20006E   20175.25002315  .00051059  00000-0  35006-2 0  9998
2 45048  52.9985 288.5149 0001553 114.6015 143.6762 15.05553680  1750
STARLINK-1135
1 45049U 20006F   20175.25002315  .00041053  00000-0  28210-2 0  9991
2 45049  53.0007 288.5207 0001403 112.2562 127.9756 15.05571675  1750
STARLINK-1140
1 45050U 20006G   20175.25002315  .00033503  00000-0  23084-2 0  9998
2 45050  52.9992 288.5201 0001325 110.2040  94.0446 15.05567916  1752
STARLINK-1141
1 45051U 20006H   20175.25002315  .00033208  00000-0  22868-2 0  9990
2 45051  52.9997 288.5189 0001311 115.7342 106.5213 15.05592991  1755
STARLINK-1148
1 45052U 20006J   20175.25002315  .00035608  00000-0  24515-2 0  9998
2 45052  52.9997 288.5242 0001286 127.6558  40.5130 15.05568002  1759
STARLINK-1155
1 45053U 20006K   20175.25002315  .00035926  00000-0  24726-2 0  9996
2 45053  52.9996 288.5213 0001328 114.5713 305.7561 15.05575311  1768
STARLINK-1156
1 45054U 20006L   20175.25002315  .00097240  00000-0  66022-2 0  9999
2 45054  53.0004 288.5209 0001521 121.0048  65.1299 15.05576280  1755
STARLINK-1157
1 45055U 20006M   20175.25002315  .03860258  00000-0  17098-1 0  9998
2 45055  53.0006 269.7967 0003324 347.5322 273.0998 15.80091151 22754
STARLINK-1158
1 45056U 20006N   20175.25002315  .00038437  00000-0  26434-2 0  9997
2 45056  52.9971 288.5279 0001403 102.2749  47.9328 15.05571940  1752
STARLINK-1159
1 45057U 20006P   20175.25002315  .00041698  00000-0  28651-2 0  9994
2 45057  52.9986 288.5167 0001475 113.5865 342.6185 15.05566886  1768
STARLINK-1162
1 45058U 20006Q   20175.25002315  .00043669  00000-0  29999-2 0  9991
2 45058  52.9992 288.5160 0001519 126.3691   5.9030 15.05552856  1756
STARLINK-1165
1 45059U 20006R   20175.25002315  .00041442  00000-0  28479-2 0  9991
2 45059  52.9983 288.5143 0001382 119.9838 264.2057 15.05564795  1762
STARLINK-1166
1 45060U 20006S   20175.25002315  .00036644  00000-0  25210-2 0  9991
2 45060  52.9996 288.5215 0001149 119.9868 282.2087 15.05581192  1765
STARLINK-1169
1 45061U 20006T   20175.25002315  .00044922  00000-0  30846-2 0  9991
2 45061  52.9982 288.5148 0001369 123.6897 242.5579 15.05556933  1764
STARLINK-1171
1 45062U 20006U   20175.25002315  .00042658  00000-0  29303-2 0  9992
2 45062  52.9986 288.5197 0001156 119.8807 318.2998 15.05566218  1768
STARLINK-1178
1 45063U 20006V   20175.25002315  .00039626  00000-0  27251-2 0  9994
2 45063  52.9982 288.5157 0001504 112.9197 235.3309 15.05558345  1750
STARLINK-1133
1 45064U 20006W   20175.25002315  .00021484  00000-0  14891-2 0  9994
2 45064  53.0006 268.5192 0001395 113.0866 327.2955 15.05581576  1761
STARLINK-1139
1 45065U 20006X   20175.25002315  .00021117  00000-0  14646-2 0  9996
2 45065  52.9999 268.5166 0001674 108.3317 314.0132 15.05567978  1761
STARLINK-1145
1 45066U 20006Y   20175.25002315  .00018443  00000-0  12823-2 0  9990
2 45066  52.9995 268.5228 0001388 126.0353  62.3895 15.05561035  1752
STARLINK-1150
1 45067U 20006Z   20175.25002315  .00022713  00000-0  15731-2 0  9997
2 45067  53.0070 268.4843 0001493 129.4171 346.9116 15.05577869  1752
STARLINK-1161
1 45068U 20006AA  20175.25002315  .00019008  00000-0  13198-2 0  9996
2 45068  52.9983 268.5293 0001105 126.6795  43.6968 15.05591375  1759
STARLINK-1163
1 45069U 20006AB  20175.25002315  .00022938  00000-0  15876-2 0  9998
2 45069  52.9992 268.5183 0001286 111.3361 113.0671 15.05596960  1756
STARLINK-1164
1 45070U 20006AC  20175.25002315  .00019963  00000-0  13854-2 0  9998
2 45070  52.9989 268.5186 0001522 126.1867 134.1919 15.05580368  1759
STARLINK-1167
1 45071U 20006AD  20175.25002315  .00020513  00000-0  14228-2 0  9998
2 45071  52.9993 268.5206 0001360 121.5796 174.8179 15.05583303  1759
STARLINK-1168
1 45072U 20006AE  20175.25002315  .00022690  00000-0  15718-2 0  9992
2 45072  52.9983 268.5167 0001272 100.8482 177.5270 15.05570513  1750
STARLINK-1170
1 45073U 20006AF  20175.25002315  .00020220  00000-0  14028-2 0  9993
2 45073  52.9981 268.5179 0001248 118.9847  15.3693 15.05583839  1753
STARLINK-1172
1 45074U 20006AG  20175.25002315  .00024661  00000-0  17058-2 0  9993
2 45074  52.9994 268.5247 0001295 104.3318 101.9680 15.05579844  1757
STARLINK-1174
1 45075U 20006AH  20175.25002315  .00020800  00000-0  14428-2 0  9993
2 45075  52.9995 268.5155 0001382 108.9525 295.3447 15.05572695  1761
STARLINK-1180
1 45076U 20006AJ  20175.25002315  .00026918  00000-0  18597-2 0  9991
2 45076  52.9982 268.5134 0001087 117.8822 250.4197 15.05577096  1760
STARLINK-1182
1 45077U 20006AK  20175.25002315  .00022358  00000-0  15487-2 0  9991
2 45077  53.0004 268.5174 0001219 124.0935 118.2087 15.05581077  1756
STARLINK-1177
1 45078U 20006AL  20175.25002315  .00021909  00000-0  15186-2 0  9999
2 45078  52.9997 268.5203 0001571 112.0172 202.3466 15.05569670  1751
STARLINK-1149
1 45079U 20006AM  20175.25002315  .00020821  00000-0  14437-2 0  9990
2 45079  52.9865 268.5861 0001442 121.3652 265.0477 15.05585987  1767
STARLINK-1153
1 45080U 20006AN  20175.25002315  .00023364  00000-0  16184-2 0  9998
2 45080  52.9989 268.5123 0000950 138.1086 212.2600 15.05556203  1757
STARLINK-1151
1 45081U 20006AP  20175.25002315  .00022389  00000-0  15518-2 0  9995
2 45081  53.0009 268.5098 0001345 113.9364 344.4669 15.05557477  1761
STARLINK-1160
1 45082U 20006AQ  20175.25002315  .00019612  00000-0  13611-2 0  9993
2 45082  52.9943 268.5426 0001066 116.9473  35.4578 15.05588205  1754
STARLINK-1190
1 45083U 20006AR  20175.25002315  .00035122  00000-0  24179-2 0  9999
2 45083  52.9992 288.5182 0001105 124.7855 169.5382 15.05577051  1754
STARLINK-1173
1 45084U 20006AS  20175.25002315 -.00004899  00000-0 -31718-3 0  9997
2 45084  53.0032 248.4992 0001351 112.6544 239.7508 15.05591539  1757
STARLINK-1179
1 45085U 20006AT  20175.25002315 -.00004283  00000-0 -27496-3 0  9993
2 45085  53.0011 248.5116 0001329 116.2958 254.2126 15.05583282  1763
STARLINK-1181
1 45086U 20006AU  20175.25002315  .00001562  00000-0  12630-3 0  9993
2 45086  52.9996 248.5106 0001461  90.6264 243.9345 15.05600044  1758
STARLINK-1185
1 45087U 20006AV  20175.25002315  .00000551  00000-0  56955-4 0  9990
2 45087  53.0005 248.5107 0001226  79.9395   2.5385 15.05588190  1768
STARLINK-1183
1 45088U 20006AW  20175.25002315  .00046205  00000-0  31677-2 0  9999
2 45088  52.9985 248.5099 0001264 100.1858 216.2341 15.05602595 22706
STARLINK-1136
1 45089U 20006AX  20175.25002315  .00021431  00000-0  14858-2 0  9996
2 45089  53.0002 248.5114 0001566  88.1952 210.3394 15.05573662  1759
STARLINK-1176
1 45090U 20006AY  20175.25002315 -.00001662  00000-0 -94835-4 0  9999
2 45090  52.9998 248.5115 0001381 109.5372 296.9008 15.05604576 22713
STARLINK-1127
1 45091U 20006AZ  20175.25002315 -.00004632  00000-0 -29878-3 0  9994
2 45091  52.9989 248.5199 0001108  86.2380 140.3392 15.05603882  1751
STARLINK-1137
1 45092U 20006BA  20175.25002315 -.00000994  00000-0 -49051-4 0  9998
2 45092  52.9937 248.5530 0001294  94.8029  95.7624 15.05605597  1751
STARLINK-1142
1 45093U 20006BB  20175.25002315 -.00004496  00000-0 -28965-3 0  9990
2 45093  52.9909 248.5668 0001455 110.0024  98.5294 15.05569521  1758
STARLINK-1146
1 45094U 20006BC  20175.25002315 -.00000686  00000-0 -27916-4 0  9994
2 45094  53.0093 248.4626 0001558  84.8614  51.6191 15.05585104  1756
STARLINK-1147
1 45095U 20006BD  20175.25002315  .00006353  00000-0  45471-3 0  9995
2 45095  53.0013 248.5117 0001212  78.8773  39.5996 15.05589289  1757
STARLINK-1152
1 45096U 20006BE  20175.25002315 -.00002150  00000-0 -12833-3 0  9995
2 45096  52.9842 248.5966 0001574  87.5012  66.9472 15.05604526 23054
STARLINK-1175
1 45097U 20006BF  20175.25002315  .00234571  00000-0  85513-3 0  9993
2 45097  52.9969 226.4253 0001149 100.5681  24.8965 15.87285557  1780
STARLINK-1184
1 45098U 20006BG  20175.25002315 -.00000923  00000-0 -44169-4 0  9991
2 45098  52.9984 248.5134 0000820  96.0127 148.5800 15.05596772  1753
STARLINK-1186
1 45099U 20006BH  20175.25002315 -.00002335  00000-0 -14109-3 0  9991
2 45099  52.9990 248.5096 0001124 103.8945 320.5595 15.05593198  1764
STARLINK-1193
1 45100U 20006BJ  20175.25002315  .00004598  00000-0  33432-3 0  9995
2 45100  52.9997 248.5124 0001544 113.3365 149.1847 15.05607225  1755
STARLINK-1194
1 45101U 20006BK  20175.25002315  .00009023  00000-0  63710-3 0  9996
2 45101  52.9988 248.5150 0001215  98.3284 182.1818 15.05610104  1757
STARLINK-1195
1 45102U 20006BL  20175.25002315 -.00002555  00000-0 -15626-3 0  9995
2 45102  52.9915 248.5591 0001294  97.9376  74.5786 15.05582052  1759
STARLINK-1196
1 45103U 20006BM  20175.25002315  .00000198  00000-0  32740-4 0  9992
2 45103  53.0004 248.5111 0001153  98.3462 290.1244 15.05597015  1765
STARLINK-1138
1 45178U 20012A   20175.75001157 -.00021571  00000-0 -14647-2 0  9993
2 45178  52.9985  46.2790 0001532 105.1902 187.7900 15.05606778 19953
STARLINK-1143
1 45179U 20012B   20175.75001157 -.00021311  00000-0 -14473-2 0  9993
2 45179  52.9950  46.2958 0001345  95.4773 179.4210 15.05592863 19952
STARLINK-1192
1 45180U 20012C   20175.75001157 -.00035256  00000-0 -24118-2 0  9995
2 45180  53.0004  46.2759 0001705 100.3403 228.6435 15.05590547 19954
STARLINK-1200
1 45181U 20012D   20175.75001157 -.00024917  00000-0 -16961-2 0  9995
2 45181  52.9984  46.2777 0001411  97.6789 249.2526 15.05598566 19958
STARLINK-1201
1 45182U 20012E   20175.75001157 -.00029758  00000-0 -20293-2 0  9997
2 45182  53.0042  26.2546 0001431  92.0517 148.9280 15.05625034 20245
STARLINK-1202
1 45183U 20012F   20175.75001157 -.00017533  00000-0 -11861-2 0  9997
2 45183  52.9999  46.2762 0001717  89.2964  77.5800 15.05610573 19951
STARLINK-1205
1 45184U 20012G   20175.75001157 -.00029901  00000-0 -20388-2 0  9994
2 45184  52.9997  26.2716 0001682  96.7289 108.1157 15.05631484 20212
STARLINK-1216
1 45185U 20012H   20175.75001157 -.00023382  00000-0 -15893-2 0  9997
2 45185  53.0008  46.2741 0001671  97.9745 104.9342 15.05615627 19956
STARLINK-1224
1 45186U 20012J   20175.75001157 -.00027773  00000-0 -18929-2 0  9999
2 45186  52.9994  46.2784 0001703  95.9737  16.9299 15.05608964 19950
STARLINK-1225
1 45187U 20012K   20175.75001157 -.00031454  00000-0 -21488-2 0  9995
2 45187  52.9996  46.2769 0001592  94.5065   0.4842 15.05585515 19713
STARLINK-1228
1 45188U 20012L   20175.75001157 -.00025875  00000-0 -17627-2 0  9996
2 45188  52.9945   6.3151 0001490  81.9839 161.1819 15.05589877 20172
STARLINK-1230
1 45189U 20012M   20175.75001157  .00067211  00000-0  45856-2 0  9990
2 45189  52.9991  46.2791 0001569  88.8463 348.0204 15.05601324 19661
STARLINK-1234
1 45190U 20012N   20175.75001157 -.00026771  00000-0 -18237-2 0  9993
2 45190  52.9992   6.2737 0001490  92.1749 187.0280 15.05608772 20186
STARLINK-1236
1 45191U 20012P   20175.75001157 -.00028915  00000-0 -19720-2 0  9994
2 45191  52.9996  46.2756 0001472  99.7096 301.2323 15.05606427 19950
STARLINK-1237
1 45192U 20012Q   20175.75001157 -.00024383  00000-0 -16588-2 0  9999
2 45192  52.9991  46.2779 0001847 103.5392  81.3975 15.05607137 19666
STARLINK-1239
1 45193U 20012R   20175.75001157 -.00021990  00000-0 -14940-2 0  9991
2 45193  53.0005  46.2737 0001599  96.2649 142.5912 15.05596530 19661
STARLINK-1240
1 45194U 20012S   20175.75001157 -.00020701  00000-0 -14045-2 0  9997
2 45194  52.9991  46.2767 0001423 106.4264 114.4466 15.05612701 19661
STARLINK-1241
1 45195U 20012T   20175.75001157 -.00021425  00000-0 -14545-2 0  9997
2 45195  53.0002  46.2688 0001533  94.0656 162.8506 15.05610222 19666
STARLINK-1244
1 45196U 20012U   20175.75001157 -.00022612  00000-0 -15376-2 0  9990
2 45196  52.9995  46.2790 0001629 104.2140 206.6778 15.05581464 19706
STARLINK-1269
1 45197U 20012V   20175.75001157 -.00026468  00000-0 -18035-2 0  9999
2 45197  52.9989  46.2770 0001615  99.0972 265.8221 15.05593509 19698
STARLINK-1154
1 45198U 20012W   20175.75001157 -.00037914  00000-0 -25958-2 0  9990
2 45198  53.0012  26.2730 0001686  84.1315 354.9485 15.05595065 19945
STARLINK-1197
1 45199U 20012X   20175.75001157 -.00034480  00000-0 -23567-2 0  9990
2 45199  52.9992  26.2752 0001773  83.0928 338.0169 15.05612051 19947
STARLINK-1198
1 45200U 20012Y   20175.75001157 -.00034374  00000-0 -23503-2 0  9995
2 45200  53.0001  26.2794 0001404  83.5877 319.5060 15.05597265 19941
STARLINK-1199
1 45201U 20012Z   20175.75001157 -.00034064  00000-0 -23295-2 0  9990
2 45201  52.9997  26.2806 0001606  76.7829 308.3476 15.05587006 19942
STARLINK-1203
1 45202U 20012AA  20175.65607828 -.00001945  00000-0 -11426-3 0  9993
2 45202  52.9854  46.6765 0001878  83.9253 276.1948 15.05598547 19675
STARLINK-1204
1 45203U 20012AB  20175.75001157 -.00031245  00000-0 -21316-2 0  9992
2 45203  52.9970  26.2845 0001578  91.7539 185.8315 15.05633084 19916
STARLINK-1206
1 45204U 20012AC  20175.75001157 -.00029170  00000-0 -19906-2 0  9999
2 45204  53.0018  26.2681 0001345  87.0511 135.9885 15.05588520 19945
STARLINK-1208
1 45205U 20012AD  20175.75001157 -.00030495  00000-0 -20803-2 0  9990
2 45205  52.9997  26.2721 0001619  85.3547  29.7086 15.05623151 19953
STARLINK-1209
1 45206U 20012AE  20175.75001157  .01309530  00000-0  91526-1 0  9998
2 45206  53.0011   5.1296 0002617 136.7581  15.2678 15.01774435 20221
STARLINK-1210
1 45207U 20012AF  20175.75001157 -.00032811  00000-0 -22413-2 0  9995
2 45207  52.9994  26.2795 0001725  83.1392 283.9690 15.05610003 19941
STARLINK-1211
1 45208U 20012AG  20175.75001157 -.00032282  00000-0 -22049-2 0  9993
2 45208  53.0003  26.2774 0001586  84.9484 246.1094 15.05605887 19941
STARLINK-1218
1 45209U 20012AH  20175.75001157 -.00031178  00000-0 -21286-2 0  9999
2 45209  52.9996  26.2709 0001811  82.1258 104.8833 15.05604633 19948
STARLINK-1219
1 45210U 20012AJ  20175.75001157 -.00032214  00000-0 -22003-2 0  9991
2 45210  52.9987  26.2775 0001717  85.8268 263.2557 15.05604246 19942
STARLINK-1231
1 45212U 20012AL  20175.75001157 -.00020047  00000-0 -13601-2 0  9998
2 45212  53.0003  26.2713 0001521  90.8786  60.1853 15.05593149 19954
STARLINK-1232
1 45213U 20012AM  20175.75001157 -.00033132  00000-0 -22639-2 0  9999
2 45213  53.0012  26.2724 0001930  82.6007  50.3884 15.05603066 19940
STARLINK-1233
1 45214U 20012AN  20175.75001157 -.00031904  00000-0 -21803-2 0  9997
2 45214  52.9983  26.2836 0001404  86.4977 208.5633 15.05579936 19941
STARLINK-1245
1 45215U 20012AP  20175.75001157 -.00032109  00000-0 -21930-2 0  9997
2 45215  53.0001  26.2767 0001859  91.5678 221.5165 15.05604933 19937
STARLINK-1254
1 45216U 20012AQ  20175.75001157 -.00032614  00000-0 -22293-2 0  9992
2 45216  52.9989  26.2706 0001998  84.3088  84.8341 15.05581787 19941
STARLINK-1271
1 45217U 20012AR  20175.75001157 -.00034106  00000-0 -23309-2 0  9990
2 45217  53.0004  26.2716 0002122  92.6680   4.3728 15.05609993 19949
STARLINK-1105
1 45218U 20012AS  20175.75001157  .01283941  00000-0  51917-1 0  9998
2 45218  52.9962   6.6350 0003751  52.6974 323.1415 15.21145491 20222
STARLINK-1187
1 45219U 20012AT  20175.75001157  .02744470  00000-0  14387+0 0  9997
2 45219  53.0012   6.3566 0003577  44.4460 329.6522 15.11588034 20214
STARLINK-1188
1 45220U 20012AU  20175.75001157  .02307784  00000-0  97838-1 0  9996
2 45220  52.9934   6.5836 0001432 255.9860 323.5354 15.19164163 20217
STARLINK-1189
1 45221U 20012AV  20175.75001157  .02633630  00000-0  11169+0 0  9990
2 45221  52.9932   6.5932 0001740 290.6220 303.3096 15.19262302 20214
STARLINK-1191
1 45222U 20012AW  20175.75001157  .01341459  00000-0  57906-1 0  9996
2 45222  52.9949   6.5840 0001261 202.8570   0.6892 15.19244695 20218
STARLINK-1212
1 45223U 20012AX  20175.75001157  .01018441  00000-0  41695-1 0  9997
2 45223  52.9979   6.6325 0004041  58.2378 331.1505 15.21385684 20220
STARLINK-1214
1 45224U 20012AY  20175.75001157  .00888457  00000-0  39036-1 0  9995
2 45224  52.9957   6.6856 0002190 149.4797  10.5029 15.18876053 20238
STARLINK-1215
1 45225U 20012AZ  20175.75001157  .02489501  00000-0  10147+0 0  9995
2 45225  52.9942   6.6156 0002824   9.0521 310.9738 15.20251656 20228
STARLINK-1217
1 45226U 20012BA  20175.75001157  .02664317  00000-0  11083+0 0  9996
2 45226  52.9937   6.6015 0002718 346.7568 304.7880 15.19895561 20193
STARLINK-1221
1 45227U 20012BB  20175.75001157  .01061630  00000-0  46225-1 0  9993
2 45227  52.9951   6.6136 0001336 180.2667   8.9628 15.19145639 20197
STARLINK-1222
1 45228U 20012BC  20175.75001157  .00974845  00000-0  42343-1 0  9991
2 45228  52.9948   6.6417 0002423 165.2070   9.1978 15.19015509 20222
STARLINK-1226
1 45229U 20012BD  20175.75001157  .02199130  00000-0  90264-1 0  9995
2 45229  52.9948   6.6217 0003154  19.0242 315.2195 15.20461120 20228
STARLINK-1227
1 45230U 20012BE  20175.75001157  .02092504  00000-0  85851-1 0  9990
2 45230  52.9961   6.6332 0003433  30.5112 317.6607 15.20641590 20222
STARLINK-1229
1 45231U 20012BF  20175.75001157  .02694325  00000-0  11249+0 0  9998
2 45231  52.9930   6.5943 0002407 332.8325 304.2676 15.19727587 20227
STARLINK-1235
1 45232U 20012BG  20175.75001157 -.00030243  00000-0 -20634-2 0  9993
2 45232  52.9981   6.2643 0001140  79.1961  37.9187 15.05615360 20214
STARLINK-1238
1 45233U 20012BH  20175.75001157 -.00030083  00000-0 -20530-2 0  9991
2 45233  52.9933  26.3094 0001492  98.1397 160.8910 15.05602235 19944
STARLINK-1243
1 45234U 20012BJ  20175.75001157 -.00029299  00000-0 -19983-2 0  9999
2 45234  52.9989  46.2782 0001539  92.8951 326.0384 15.05611508 19696
STARLINK-1246
1 45235U 20012BK  20175.75001157 -.00025436  00000-0 -17317-2 0  9998
2 45235  52.9989  46.2767 0001560  83.6639  47.2499 15.05602824 19695
STARLINK-1247
1 45236U 20012BL  20175.75001157  .01803475  00000-0  73357-1 0  9990
2 45236  52.9965   6.6380 0003694  37.3954 324.6452 15.20894251 20223
STARLINK-1270
1 45237U 20012BM  20175.75001157  .03305272  00000-0  13583+0 0  9998
2 45237  52.9949   6.6031 0002378 321.0831 301.5664 15.19467702 20217
STARLINK-1279
1 45360U 20019A   20175.75001157  .06485975  00000-0  13647+0 0  9995
2 45360  53.0010 138.5057 0003173 195.0959 345.1855 15.39724541 15873
STARLINK-1301
1 45361U 20019B   20175.75001157  .00033958  00000-0  23403-2 0  9994
2 45361  53.0086 146.2308 0001187  71.8053 282.4377 15.05552144 15773
STARLINK-1306
1 45362U 20019C   20175.75001157  .00005771  00000-0  45191-3 0  9996
2 45362  53.0003 165.8543 0001278  86.7209  32.1909 15.02327598 15502
STARLINK-1311
1 45363U 20019D   20175.40189687  .00061079  00000-0  42227-3 0  9994
2 45363  52.9952 136.6049 0007238  61.7394 298.4353 15.73935619 15878
STARLINK-1313
1 45364U 20019E   20175.75001157  .06598022  00000-0  13791+0 0  9997
2 45364  52.9999 138.4713 0003030 203.2112 349.3949 15.39838540 15879
STARLINK-1317
1 45365U 20019F   20175.75001157  .00031606  00000-0  21808-2 0  9993
2 45365  52.9975 146.2855 0001758  78.4872   5.7981 15.05542898 15766
STARLINK-1262
1 45366U 20019G   20175.75001157  .00005843  00000-0  42006-3 0  9992
2 45366  52.9977 166.2756 0001342 101.3334 196.7423 15.05562953 15495
STARLINK-1273
1 45367U 20019H   20175.75001157  .00005118  00000-0  36989-3 0  9991
2 45367  52.9981 166.2756 0001068  96.4602  93.6541 15.05607214 15494
STARLINK-1276
1 45368U 20019J   20175.75001157  .00015037  00000-0  10486-2 0  9996
2 45368  52.9994 166.2707 0001344  89.1248 244.9815 15.05593952 15495
STARLINK-1277
1 45369U 20019K   20175.75001157  .00004420  00000-0  32237-3 0  9990
2 45369  52.9991 166.2713 0001128  97.9059 254.1866 15.05571414 15495
STARLINK-1281
1 45370U 20019L   20175.75001157  .00010090  00000-0  71108-3 0  9992
2 45370  52.9964 166.2966 0001317  81.9055 324.1718 15.05559816 15470
STARLINK-1287
1 45371U 20019M   20175.75001157  .00005352  00000-0  38633-3 0  9994
2 45371  52.9981 166.2770 0001311  87.8432 156.3152 15.05566713 15494
STARLINK-1288
1 45372U 20019N   20175.75001157  .00005217  00000-0  37699-3 0  9996
2 45372  52.9999 166.2747 0001361  90.9671  81.1640 15.05573286 15493
STARLINK-1295
1 45373U 20019P   20175.75001157  .00005507  00000-0  39669-3 0  9998
2 45373  52.9983 166.2733 0001389  83.8952 178.2626 15.05590463 15493
STARLINK-1300
1 45374U 20019Q   20175.75001157  .00005868  00000-0  42170-3 0  9990
2 45374  52.9984 166.2748 0001579  91.6619 188.3961 15.05568183 15497
STARLINK-1302
1 45375U 20019R   20175.75001157  .00005437  00000-0  39212-3 0  9996
2 45375  52.9984 166.2738 0001268  90.6817 117.4748 15.05572286 15496
STARLINK-1304
1 45376U 20019S   20175.75001157  .00005421  00000-0  39088-3 0  9991
2 45376  53.0004 166.2759 0001002  90.4749  27.6944 15.05584175 15493
STARLINK-1305
1 45377U 20019T   20175.75001157  .00005235  00000-0  37820-3 0  9997
2 45377  53.0000 166.2747 0001475  94.2803 221.7921 15.05576251 15492
STARLINK-1310
1 45378U 20019U   20175.75001157  .00014309  00000-0  99962-3 0  9995
2 45378  52.9996 166.2684 0001245  84.2090 303.9126 15.05565197 15506
STARLINK-1319
1 45379U 20019V   20175.75001157  .00007037  00000-0  50184-3 0  9999
2 45379  52.9991 166.2702 0001425 104.7162 265.4525 15.05567709 15507
STARLINK-1207
1 45380U 20019W   20175.75001157  .00031192  00000-0  21514-2 0  9994
2 45380  53.0019 146.2662 0002185  83.0146 181.1814 15.05563649 15773
STARLINK-1258
1 45381U 20019X   20175.75001157  .00030797  00000-0  21252-2 0  9994
2 45381  53.0017 146.2660 0001701  76.8552 133.3435 15.05552425 15761
STARLINK-1264
1 45382U 20019Y   20175.75001157  .00033115  00000-0  22836-2 0  9991
2 45382  53.0011 146.2653 0001595  75.8160 242.4749 15.05541743 15584
STARLINK-1266
1 45383U 20019Z   20175.75001157  .00030246  00000-0  20876-2 0  9996
2 45383  53.0023 146.2656 0001289  65.4324 180.8825 15.05553977 15760
STARLINK-1267
1 45384U 20019AA  20175.75001157  .00032553  00000-0  22429-2 0  9996
2 45384  53.0015 146.2656 0001848  79.3978 220.8466 15.05582396 15776
STARLINK-1268
1 45385U 20019AB  20175.40804156  .00011813  00000-0  12455-3 0  9994
2 45385  52.9988 139.5509 0001111 166.9184 193.1858 15.64762052 15840
STARLINK-1272
1 45386U 20019AC  20175.75001157  .01761877  00000-0  11770+0 0  9991
2 45386  52.9993 144.7942 0001708 346.2815 304.6070 15.03028524 15793
STARLINK-1274
1 45387U 20019AD  20175.75001157  .04494211  00000-0  16907+0 0  9997
2 45387  52.9966 143.5989 0003921 146.4033 336.9450 15.22595961 15787
STARLINK-1280
1 45388U 20019AE  20175.75001157  .00006197  00000-0  52602-3 0  9992
2 45388  53.0019 165.0029 0001286  92.2325 327.6997 14.99082662 15513
STARLINK-1283
1 45389U 20019AF  20175.75001157  .00031574  00000-0  21780-2 0  9992
2 45389  53.0000 146.2762 0001671  69.1822  33.0073 15.05553490 15773
STARLINK-1284
1 45390U 20019AG  20175.75001157  .00030590  00000-0  21102-2 0  9999
2 45390  53.0018 146.2661 0001651  78.5590 149.7690 15.05567720 15766
STARLINK-1289
1 45391U 20019AH  20175.75001157  .00030395  00000-0  20973-2 0  9998
2 45391  52.9995 146.2675 0001661  64.0165  92.1891 15.05561029 15493
STARLINK-1290
1 45392U 20019AJ  20175.75001157  .00039819  00000-0  27385-2 0  9993
2 45392  52.9715 146.4468 0001635  68.1350 340.1663 15.05553986 15494
STARLINK-1291
1 45393U 20019AK  20175.75001157  .00033593  00000-0  23143-2 0  9995
2 45393  53.0031 146.2628 0001922  80.0887 256.1551 15.05571076 15527
STARLINK-1292
1 45394U 20019AL  20175.75001157  .00030782  00000-0  21229-2 0  9996
2 45394  53.0010 146.2713 0001734  74.3943 117.9008 15.05574524 15500
STARLINK-1297
1 45395U 20019AM  20175.75001157  .00033851  00000-0  23320-2 0  9991
2 45395  53.0170 146.1768 0001786  74.1591 316.1727 15.05569031 15532
STARLINK-1303
1 45396U 20019AN  20175.75001157  .00030045  00000-0  20737-2 0  9993
2 45396  52.9995 146.2714 0001166  77.1494  61.1514 15.05557551 15484
STARLINK-1307
1 45397U 20019AP  20175.75001157  .00032269  00000-0  22245-2 0  9990
2 45397  52.9772 146.4020 0001940  77.5159 348.7346 15.05566292 15593
STARLINK-1312
1 45398U 20019AQ  20175.75001157  .00030262  00000-0  20880-2 0  9995
2 45398  53.0004 146.2738 0001529 100.5479  19.6331 15.05565547 15526
STARLINK-1255
1 45399U 20019AR  20175.75001157  .02917068  00000-0  51137-1 0  9994
2 45399  52.9967 138.7874 0003501 125.0783 332.5245 15.46548132 15686
STARLINK-1213
1 45400U 20019AS  20175.75001157  .03510753  00000-0  64643-1 0  9994
2 45400  52.9970 138.6871 0003336 139.7011 335.3712 15.45019761 15614
STARLINK-1256
1 45401U 20019AT  20175.75001157  .03572427  00000-0  65291-1 0  9991
2 45401  52.9971 138.7047 0003652 151.1340 331.8024 15.45175702 15688
STARLINK-1257
1 45402U 20019AU  20175.75001157  .03644807  00000-0  66083-1 0  9994
2 45402  52.9970 138.6793 0003631 154.7497 335.8308 15.45335484 15688
STARLINK-1259
1 45403U 20019AV  20175.75001157  .03054584  00000-0  56572-1 0  9994
2 45403  52.9971 138.6585 0003673 130.8175 328.4949 15.44760913 15680
STARLINK-1260
1 45404U 20019AW  20175.75001157  .01757188  00000-0  33886-1 0  9996
2 45404  52.9975 138.6858 0003895 100.5928 326.6451 15.44343270 15595
STARLINK-1263
1 45405U 20019AX  20175.75001157  .03075656  00000-0  56580-1 0  9998
2 45405  52.9968 138.6654 0003719 136.5040 330.6532 15.44934239 15597
STARLINK-1265
1 45406U 20019AY  20175.75001157  .02435842  00000-0  45887-1 0  9993
2 45406  52.9987 138.6605 0003797 120.4962 326.2192 15.44492937 15593
STARLINK-1275
1 45407U 20019AZ  20175.75001157  .01200129  00000-0  23440-1 0  9992
2 45407  52.9970 138.7034 0003979  82.8367 328.2501 15.44133093 15596
STARLINK-1278
1 45408U 20019BA  20175.75001157  .00006285  00000-0  53348-3 0  9991
2 45408  53.0012 164.9695 0001189  92.3225 334.3466 14.99061089 15233
STARLINK-1282
1 45409U 20019BB  20175.75001157  .00923671  00000-0  18372-1 0  9995
2 45409  52.9965 138.7256 0003976  70.9425 323.6276 15.43866309 15600
STARLINK-1285
1 45410U 20019BC  20175.75001157  .02528939  00000-0  47102-1 0  9990
2 45410  52.9977 138.6438 0003782 122.3330 329.0399 15.44693140 15594
STARLINK-1293
1 45411U 20019BD  20175.75001157  .03401306  00000-0  59156-1 0  9992
2 45411  52.9962 138.6789 0003116 160.6208 311.8259 15.46809641 15599
STARLINK-1296
1 45412U 20019BE  20175.75001157  .02093444  00000-0  39454-1 0  9991
2 45412  52.9971 138.6748 0003789 108.6876 326.7215 15.44440094 15592
STARLINK-1298
1 45413U 20019BF  20175.75001157  .03761569  00000-0  64372-1 0  9990
2 45413  52.9966 138.6985 0003563 148.2310 331.6026 15.46908920 15687
STARLINK-1309
1 45414U 20019BG  20175.75001157  .01062546  00000-0  21082-1 0  9999
2 45414  52.9983 138.7088 0003986  79.4246 323.4169 15.43998347 15602
STARLINK-1316
1 45415U 20019BH  20175.75001157  .04056164  00000-0  72207-1 0  9997
2 45415  52.9974 138.6787 0003456 162.3677 336.0141 15.45442216 15612
STARLINK-1318
1 45416U 20019BJ  20175.75001157  .01414603  00000-0  27534-1 0  9994
2 45416  52.9973 138.7061 0003842  92.9107 326.3366 15.44229543 15608
STARLINK-1286
1 45417U 20019BK  20175.75001157  .00005979  00000-0  44809-3 0  9992
2 45417  52.9982 165.9235 0001381  84.0810 236.3333 15.03940654 15504
STARLINK-1299
1 45418U 20019BL  20175.38266962 -.00000754  00000-0 -40084-4 0  9999
2 45418  53.0016 166.3493 0000938  64.5031 295.6051 14.99091410 15204
STARLINK-1308
1 45419U 20019BM  20175.75001157  .00020836  00000-0  14445-2 0  9995
2 45419  53.0180 166.1786 0001455  89.0915  65.0547 15.05592222 15235
STARLINK-1329
1 45531U 20025A   20175.50001157 -.00035806  00000-0 -24488-2 0  9993
2 45531  53.0004 107.4023 0001601  78.6781 310.1049 15.05608029 10223
STARLINK-1338
1 45532U 20025B   20175.50001157 -.00037774  00000-0 -25855-2 0  9999
2 45532  53.0158 107.3079 0002146  84.3921 232.2753 15.05602523 10239
STARLINK-1339
1 45533U 20025C   20175.25002315  .00037365  00000-0  25721-2 0  9995
2 45533  53.0009 108.5174 0001712  66.8689 244.1084 15.05549785  1754
STARLINK-1341
1 45534U 20025D   20175.25002315  .00036972  00000-0  25453-2 0  9991
2 45534  53.0032 108.5044 0001672  63.9350 283.0437 15.05551717  1757
STARLINK-1350
1 45535U 20025E   20175.50001157 -.00032808  00000-0 -22411-2 0  9990
2 45535  53.0003 107.3957 0001820  62.8779  91.8156 15.05609144 10238
STARLINK-1352
1 45536U 20025F   20175.25002315  .00042449  00000-0  29182-2 0  9992
2 45536  52.9992 108.5247 0001822  75.1940 145.8669 15.05539424  1757
STARLINK-1353
1 45537U 20025G   20175.50001157 -.00032528  00000-0 -19140-2 0  9996
2 45537  53.0035 106.8512 0002064  15.4836  97.5693 15.11051301 10248
STARLINK-1362
1 45538U 20025H   20175.50001157 -.00036488  00000-0 -24959-2 0  9990
2 45538  52.9994 107.4037 0001750  82.6450 288.1248 15.05610326 10233
STARLINK-1367
1 45539U 20025J   20175.25002315  .00048811  00000-0  53554-3 0  9995
2 45539  52.9787  97.2287 0009243  10.4135  96.0999 15.62712747  1772
STARLINK-1368
1 45540U 20025K   20175.25002315  .00053733  00000-0  36816-2 0  9997
2 45540  52.9989 108.5257 0001651  57.8012 145.2601 15.05553115  1759
STARLINK-1369
1 45541U 20025L   20175.25002315  .00044934  00000-0  30858-2 0  9991
2 45541  53.0000 108.5233 0001684  66.2639 118.7745 15.05551861  1755
STARLINK-1371
1 45542U 20025M   20175.25002315  .00036441  00000-0  25089-2 0  9996
2 45542  53.0102 108.4699 0001673  69.6200 295.3932 15.05555771  1803
STARLINK-1372
1 45543U 20025N   20175.50001157 -.00032719  00000-0 -22361-2 0  9994
2 45543  53.0009 107.4013 0001570  71.4310  11.2659 15.05590347 10234
STARLINK-1373
1 45544U 20025P   20175.50001157 -.00037113  00000-0 -25393-2 0  9996
2 45544  52.9946 107.4371 0001845  67.2420 285.5593 15.05608333 10227
STARLINK-1374
1 45545U 20025Q   20175.25002315  .00036266  00000-0  24959-2 0  9999
2 45545  53.0013 108.5160 0002087  74.6393 254.3746 15.05572419  1794
STARLINK-1375
1 45546U 20025R   20175.25002315  .00040774  00000-0  28013-2 0  9994
2 45546  53.0019 108.5197 0001630  64.0833 192.9195 15.05582065  1801
STARLINK-1377
1 45547U 20025S   20175.25002315  .00037746  00000-0  25982-2 0  9992
2 45547  53.0014 108.5153 0001564  63.9976 229.0407 15.05547565  1805
STARLINK-1378
1 45548U 20025T   20175.25002315  .00046249  00000-0  31725-2 0  9993
2 45548  53.0001 108.5218 0001370  69.1682  79.8323 15.05581056  1802
STARLINK-1379
1 45549U 20025U   20175.50001157 -.00035084  00000-0 -24002-2 0  9992
2 45549  52.9998 107.3984 0001532  75.3193 331.3973 15.05586141 10233
STARLINK-1390
1 45550U 20025V   20175.25002315  .00039387  00000-0  27087-2 0  9997
2 45550  52.9903 108.5767 0001706  65.0848 353.9368 15.05560394  1767
STARLINK-1294
1 45551U 20025W   20175.25002315  .00047181  00000-0  51768-3 0  9993
2 45551  52.9984  97.2304 0008718  35.9606 115.0721 15.62732661  1778
STARLINK-1322
1 45552U 20025X   20175.25002315  .00076547  00000-0  83437-3 0  9990
2 45552  52.9975  97.2243 0001553  61.9208  91.7054 15.62739447  1776
STARLINK-1323
1 45553U 20025Y   20175.25002315  .00048059  00000-0  52820-3 0  9990
2 45553  52.9990  97.2494 0001353  66.0145  77.3811 15.62722528  1779
STARLINK-1325
1 45554U 20025Z   20175.25002315  .00048093  00000-0  52881-3 0  9996
2 45554  52.9983  97.2279 0001567  62.3229  86.1531 15.62710525  1773
STARLINK-1327
1 45555U 20025AA  20175.25002315  .00048968  00000-0  53824-3 0  9996
2 45555  52.9997  97.2755 0001031  48.5263  79.6392 15.62712426  1772
STARLINK-1334
1 45556U 20025AB  20175.25002315  .00047839  00000-0  52626-3 0  9992
2 45556  52.9993  97.2432 0001260  59.7612  86.2150 15.62701222  1775
STARLINK-1336
1 45557U 20025AC  20175.25002315  .00048063  00000-0  52778-3 0  9991
2 45557  52.9980  97.2491 0001284  49.9261  90.9659 15.62745046  1772
STARLINK-1342
1 45558U 20025AD  20175.25002315  .00044314  00000-0  48851-3 0  9994
2 45558  52.9983  97.3043 0001287  60.6780  52.2243 15.62680946  1776
STARLINK-1344
1 45559U 20025AE  20175.25002315  .00048442  00000-0  53262-3 0  9993
2 45559  52.9979  97.2458 0001485  65.0358  73.3143 15.62709038  1824
STARLINK-1346
1 45560U 20025AF  20175.25002315  .00064528  00000-0  70527-3 0  9991
2 45560  52.9985  97.2663 0008006 356.3651 139.5136 15.62706838  1821
STARLINK-1348
1 45561U 20025AG  20175.25002315  .00049704  00000-0  54633-3 0  9991
2 45561  52.9984  97.2943 0001065  60.8190  57.1820 15.62705738  1884
STARLINK-1354
1 45562U 20025AH  20175.25002315  .00048990  00000-0  53908-3 0  9992
2 45562  52.9985  97.2675 0001226  57.0465  76.1985 15.62683710  1822
STARLINK-1355
1 45563U 20025AJ  20175.25002315  .00049218  00000-0  54086-3 0  9995
2 45563  52.9992  97.2783 0001404  69.6673  53.3734 15.62715959  1829
STARLINK-1356
1 45564U 20025AK  20175.25002315  .00049122  00000-0  53943-3 0  9991
2 45564  52.9982  97.2810 0001425  61.0521  64.5426 15.62734740  1822
STARLINK-1357
1 45565U 20025AL  20175.25002315  .00048852  00000-0  53698-3 0  9998
2 45565  52.9993  97.2741 0001108  32.4499  98.2223 15.62712314  1824
STARLINK-1358
1 45566U 20025AM  20175.50001157 -.00017340  00000-0 -18405-3 0  9997
2 45566  52.9992  96.0585 0001082  42.5536  45.2308 15.62738319 10371
STARLINK-1361
1 45567U 20025AN  20175.25002315  .00050050  00000-0  55052-3 0  9999
2 45567  52.9973  97.3151 0001383  57.0093  50.8269 15.62684429  1827
STARLINK-1363
1 45568U 20025AP  20175.25002315  .00049625  00000-0  54558-3 0  9996
2 45568  52.9986  97.2939 0002052 352.0393 123.4152 15.62700160  1829
STARLINK-1366
1 45569U 20025AQ  20175.25002315  .00050024  00000-0  54897-3 0  9998
2 45569  52.9972  97.3116 0001085  51.9439  53.3410 15.62744088  1829
STARLINK-1376
1 45570U 20025AR  20175.25002315  .00049997  00000-0  54888-3 0  9997
2 45570  52.9983  97.3104 0001277  60.5285  49.8306 15.62734689  1828
STARLINK-1261
1 45571U 20025AS  20175.25002315  .00048047  00000-0  52808-3 0  9993
2 45571  52.9996  97.2348 0001022  49.6460 100.1216 15.62722323  1826
STARLINK-1320
1 45572U 20025AT  20175.25002315  .00047374  00000-0  52068-3 0  9994
2 45572  52.9971  97.2129 0001552   8.8633 145.9658 15.62728394  1825
STARLINK-1321
1 45573U 20025AU  20175.25002315  .00049402  00000-0  54286-3 0  9993
2 45573  52.9984  97.2906 0001296  62.4485  59.3939 15.62715622  1829
STARLINK-1324
1 45574U 20025AV  20175.25002315  .00048019  00000-0  52802-3 0  9999
2 45574  52.9973  97.2109 0001139  42.5322 109.7845 15.62710400  1823
STARLINK-1326
1 45575U 20025AW  20175.50001157 -.00022402  00000-0 -23936-3 0  9997
2 45575  52.9988  96.0064 0001604  58.1598  53.7441 15.62765558 10376
STARLINK-1328
1 45576U 20025AX  20175.25002315  .00048701  00000-0  53426-3 0  9992
2 45576  52.9979  97.2662 0001163  51.0371  83.3981 15.62764707  1828
STARLINK-1330
1 45577U 20025AY  20175.50001157 -.00018796  00000-0 -19961-3 0  9993
2 45577  52.9985  96.0725 0001244  58.9907  24.9780 15.62790904 10370
STARLINK-1331
1 45578U 20025AZ  20175.25002315  .00048453  00000-0  53208-3 0  9996
2 45578  52.9989  97.2484 0001295  53.0915  86.3882 15.62740625  1821
STARLINK-1332
1 45579U 20025BA  20175.50001157 -.00018916  00000-0 -20116-3 0  9993
2 45579  52.9990  96.0544 0001529  60.6139  25.8334 15.62760220 10373
STARLINK-1333
1 45580U 20025BB  20175.25002315  .00048331  00000-0  53139-3 0  9997
2 45580  52.9981  97.2284 0001349  55.5392  91.7114 15.62710290  1823
STARLINK-1335
1 45581U 20025BC  20175.50001157 -.00020381  00000-0 -21713-3 0  9999
2 45581  52.9972  96.0459 0001515  67.9388  28.7270 15.62771720 10370
STARLINK-1337
1 45582U 20025BD  20175.25002315  .00050043  00000-0  55006-3 0  9997
2 45582  52.9983  97.3001 0001138  63.6402  50.5193 15.62702737  1774
STARLINK-1340
1 45583U 20025BE  20175.50001157 -.00020062  00000-0 -21362-3 0  9997
2 45583  52.9985  96.0560 0001342  64.3188  29.8211 15.62773479 10376
STARLINK-1343
1 45584U 20025BF  20175.50001157 -.00021477  00000-0 -22908-3 0  9996
2 45584  52.9983  96.0307 0001170  52.5626  51.7463 15.62780727 10376
STARLINK-1345
1 45585U 20025BG  20175.50001157 -.00019517  00000-0 -20741-3 0  9992
2 45585  52.9993  96.0496 0001382  80.6767  10.8817 15.62802176 10372
STARLINK-1347
1 45586U 20025BH  20175.50001157 -.00019339  00000-0 -20595-3 0  9992
2 45586  52.9984  96.0452 0001064  56.3237  42.9004 15.62742600 10373
STARLINK-1349
1 45587U 20025BJ  20175.25002315  .00048322  00000-0  53142-3 0  9998
2 45587  52.9985  97.2478 0001029  59.8460  82.3042 15.62704566  1822
STARLINK-1360
1 45588U 20025BK  20175.25002315  .00049616  00000-0  54449-3 0  9997
2 45588  52.9971  97.3096 0002570   6.8958 102.2194 15.62745642  1821
STARLINK-1364
1 45589U 20025BL  20175.25002315  .00049984  00000-0  54916-3 0  9995
2 45589  52.9981  97.3081 0001236  49.3180  62.2992 15.62714934  1825
STARLINK-1365
1 45590U 20025BM  20175.50001157 -.00034667  00000-0 -23709-2 0  9997
2 45590  53.0138 107.3236 0001488  94.6446 204.0438 15.05592859 10215
STARLINK-1440
1 45657U 20035A   20175.50001157  .00141338  11434-4  13296-3 0  9992
2 45657  52.9997  70.7739 0090240 121.9195 250.5926 16.03333209  4009
STARLINK-1441
1 45658U 20035B   20175.50001157  .00015088  00000-0  17056-3 0  9996
2 45658  53.0026  73.9316 0000501 109.0485 189.9513 15.62713119  3968
STARLINK-1442
1 45659U 20035C   20175.25002315  .00017147  00000-0  19289-3 0  9994
2 45659  53.0023  75.1718 0001171  75.6476 252.5416 15.62727479  1778
STARLINK-1443
1 45660U 20035D   20175.25002315  .00016453  00000-0  18557-3 0  9992
2 45660  53.0023  75.1714 0001309  87.9254 239.0364 15.62695243  1774
STARLINK-1444
1 45661U 20035E   20175.25002315  .00006036  00000-0  71723-4 0  9994
2 45661  52.9992  75.1172 0001129  40.3516 304.4796 15.62746333  3911
STARLINK-1445
1 45662U 20035F   20175.25002315  .00017566  00000-0  19729-3 0  9992
2 45662  53.0025  75.1505 0001328  95.5584 244.1367 15.62748521  1776
STARLINK-1446
1 45663U 20035G   20175.25002315  .00017229  00000-0  19361-3 0  9991
2 45663  53.0023  75.1521 0001037  89.5178 248.8337 15.62750495  1773
STARLINK-1447
1 45664U 20035H   20175.25002315  .00019720  00000-0  22072-3 0  9993
2 45664  53.0025  75.1566 0000944  91.0098 243.5382 15.62746742  1772
STARLINK-1448
1 45665U 20035J   20175.25002315  .00017355  00000-0  19500-3 0  9998
2 45665  53.0021  75.1721 0001296  92.6992 232.9950 15.62748336  1777
STARLINK-1449
1 45666U 20035K   20175.25002315  .00035500  00000-0  39255-3 0  9990
2 45666  53.0020  75.1784 0000827  75.0796 249.3395 15.62706184  1772
STARLINK-1450
1 45667U 20035L   20175.25002315  .00021299  00000-0  23781-3 0  9998
2 45667  53.0021  75.1219 0001114  87.2984 261.2252 15.62754676  1775
STARLINK-1451
1 45668U 20035M   20175.25002315  .00018478  00000-0  20708-3 0  9990
2 45668  53.0022  75.1547 0000899  79.2522 254.0959 15.62763472  1777
STARLINK-1452
1 45669U 20035N   20175.25002315  .00016899  00000-0  18992-3 0  9998
2 45669  53.0024  75.1361 0001407  49.9303 292.3236 15.62763726  1776
STARLINK-1453
1 45670U 20035P   20175.50001157  .00041047  00000-0  29228-3 0  9998
2 45670  53.0004  72.8672 0013318 121.1116 328.8877 15.73333989  3970
STARLINK-1454
1 45671U 20035Q   20175.25002315  .00017701  00000-0  19877-3 0  9997
2 45671  53.0023  75.1380 0001282  90.9964 249.9326 15.62746648  1771
STARLINK-1455
1 45672U 20035R   20175.50001157  .00052159  00000-0  28564-3 0  9998
2 45672  53.0007  72.2369 0021570 121.9239 271.2385 15.78983408  3983
STARLINK-1456
1 45673U 20035S   20175.25002315  .00019945  00000-0  22340-3 0  9990
2 45673  53.0023  75.1542 0001094  78.4175 257.4352 15.62719827  1771
STARLINK-1457
1 45674U 20035T   20175.50001157  .00020064  00000-0  22435-3 0  9991
2 45674  53.0025  73.9302 0001009  92.8016 206.5182 15.62759990  3968
STARLINK-1458
1 45675U 20035U   20175.50001157  .00020785  00000-0  23257-3 0  9995
2 45675  53.0027  73.9222 0001081  98.6193 205.8183 15.62716220  3964
STARLINK-1460
1 45676U 20035V   20175.50001157  .00019657  00000-0  22036-3 0  9996
2 45676  53.0025  73.9055 0001154  89.6319 224.9144 15.62708597  3965
STARLINK-1392
1 45677U 20035W   20175.25002315  .00019044  00000-0  21354-3 0  9998
2 45677  53.0021  75.0735 0001149  95.8756 276.1965 15.62726141  1781
STARLINK-1393
1 45678U 20035X   20175.25002315  .00019062  00000-0  21375-3 0  9992
2 45678  53.0018  75.0742 0001188  94.6550 276.1305 15.62724861  1783
STARLINK-1394
1 45679U 20035Y   20175.50001157  .00018136  00000-0  20377-3 0  9996
2 45679  53.0024  73.8509 0000942 115.8659 220.9100 15.62711826  3960
STARLINK-1395
1 45680U 20035Z   20175.50001157  .00034831  00000-0  25501-3 0  9992
2 45680  53.0002  72.8820 0007734 122.2384 319.1263 15.72841092  3978
STARLINK-1396
1 45681U 20035AA  20175.25002315  .00018948  00000-0  21232-3 0  9990
2 45681  53.0019  75.0819 0001029  94.8662 273.4449 15.62748186  1777
STARLINK-1397
1 45682U 20035AB  20175.50001157  .00017283  00000-0  19443-3 0  9994
2 45682  53.0021  73.8555 0001452 107.1228 225.9491 15.62719556  3961
STARLINK-1399
1 45683U 20035AC  20175.25002315  .00019553  00000-0  21915-3 0  9993
2 45683  53.0019  75.0737 0001092  92.8462 280.4872 15.62717825  1778
STARLINK-1401
1 45684U 20035AD  20175.25002315  .00018922  00000-0  21187-3 0  9994
2 45684  53.0023  75.1022 0001042  89.7997 265.7228 15.62768040  1771
STARLINK-1402
1 45685U 20035AE  20175.25002315  .00017904  00000-0  20113-3 0  9992
2 45685  53.0023  75.1093 0000884  85.3114 271.5648 15.62727703  1778
STARLINK-1404
1 45686U 20035AF  20175.25002315  .00020390  00000-0  22799-3 0  9998
2 45686  53.0022  75.0933 0001190  85.3696 274.0038 15.62748915  1786
STARLINK-1406
1 45687U 20035AG  20175.25002315  .00049096  00000-0  26700-3 0  9999
2 45687  53.0013  73.4764 0026692 119.5340 299.5127 15.78976660  3949
STARLINK-1408
1 45688U 20035AH  20175.50001157  .02888201  00000-0  22267-1 0  9994
2 45688  52.9999  72.4411 0006476 304.9605   1.8676 15.68144177  3987
STARLINK-1413
1 45689U 20035AJ  20175.50001157  .00019093  00000-0  21418-3 0  9997
2 45689  53.0024  73.8798 0000818 109.8545 210.4616 15.62712960  3966
STARLINK-1414
1 45690U 20035AK  20175.25002315  .00020073  00000-0  22444-3 0  9998
2 45690  53.0020  75.0837 0001176  95.5298 269.0143 15.62760465  1771
STARLINK-1415
1 45691U 20035AL  20175.50001157  .02572618  00000-0  24320-1 0  9992
2 45691  53.0011  73.1490 0002588  32.0064 293.5929 15.62816538  4377
STARLINK-1416
1 45692U 20035AM  20175.25002315  .00019833  00000-0  22190-3 0  9990
2 45692  53.0021  75.0925 0001163  89.7821 272.1103 15.62752396  1781
STARLINK-1417
1 45693U 20035AN  20175.25002315  .00017461  00000-0  19648-3 0  9990
2 45693  53.0022  75.1061 0000795  79.8836 274.4361 15.62704065  1771
STARLINK-1419
1 45694U 20035AP  20175.25002315  .00017342  00000-0  19477-3 0  9999
2 45694  53.0023  75.1103 0000767  96.7818 254.9938 15.62759157  1772
STARLINK-1420
1 45695U 20035AQ  20175.25002315  .00017769  00000-0  19971-3 0  9992
2 45695  53.0021  75.1280 0001235  84.7720 264.4787 15.62721454  1774
STARLINK-1422
1 45696U 20035AR  20175.25002315  .00017198  00000-0  19332-3 0  9990
2 45696  53.0020  75.1156 0001104  91.2975 259.1620 15.62743904  1777
STARLINK-1351
1 45697U 20035AS  20175.25002315  .00016573  00000-0  18654-3 0  9993
2 45697  53.0020  75.1591 0000836  89.0428 244.9193 15.62740407  1772
STARLINK-1370
1 45698U 20035AT  20175.50001157  .00019625  00000-0  21958-3 0  9997
2 45698  53.0024  73.9143 0001272 102.8975 202.1713 15.62759720  3967
STARLINK-1398
1 45699U 20035AU  20175.25002315  .00018009  00000-0  20235-3 0  9999
2 45699  53.0016  75.1420 0001081  85.1482 257.6479 15.62718007  1779
STARLINK-1400
1 45700U 20035AV  20175.25002315  .00016835  00000-0  18938-3 0  9994
2 45700  53.0022  75.1243 0001014  90.4850 253.6134 15.62742594  1778
STARLINK-1403
1 45701U 20035AW  20175.25002315  .00017374  00000-0  19522-3 0  9994
2 45701  53.0019  75.1585 0001028  92.7762 239.8990 15.62746104  1773
STARLINK-1405
1 45702U 20035AX  20175.70145308  .00134100  11675-4  10000-3 0  9998
2 45702  52.9892  68.2811 0028611 133.8136 283.1274 16.14044019  4454
STARLINK-1407
1 45703U 20035AY  20175.50001157  .00021828  00000-0  24403-3 0  9990
2 45703  53.0022  73.9137 0000922  98.0979 210.7899 15.62704934  3963
STARLINK-1409
1 45704U 20035AZ  20175.25002315  .00017081  00000-0  19218-3 0  9994
2 45704  53.0021  75.1446 0001149  86.6525 249.8003 15.62726439  1773
STARLINK-1410
1 45705U 20035BA  20175.25002315  .00017339  00000-0  19486-3 0  9998
2 45705  53.0022  75.1220 0000901  93.6173 251.7445 15.62742678  1772
STARLINK-1411
1 45706U 20035BB  20175.50001157  .00021726  00000-0  24284-3 0  9997
2 45706  53.0026  73.9540 0001376  94.3668 196.7441 15.62712955  3964
STARLINK-1412
1 45707U 20035BC  20175.50001157  .00019868  00000-0  22226-3 0  9996
2 45707  53.0026  73.9539 0001196 102.8867 188.3219 15.62755630  3966
STARLINK-1418
1 45708U 20035BD  20175.25002315  .00021625  00000-0  24150-3 0  9998
2 45708  53.0018  75.1583 0000798  80.1317 255.0962 15.62738997  1777
STARLINK-1421
1 45709U 20035BE  20175.25002315  .00017472  00000-0  19616-3 0  9995
2 45709  53.0020  75.1237 0000912  99.9746 246.7436 15.62762996  1778
STARLINK-1423
1 45710U 20035BF  20175.50001157  .00019472  00000-0  21834-3 0  9995
2 45710  53.0026  73.8973 0001087 104.4246 210.7327 15.62709925  3965
STARLINK-1433
1 45711U 20035BG  20175.25002315  .00068751  00000-0  75042-3 0  9999
2 45711  53.0018  75.1619 0001053  94.8445 235.3285 15.62749486  1774
STARLINK-1434
1 45712U 20035BH  20175.50001157  .06232416  00000-0  36381-1 0  9999
2 45712  52.9997  72.5558 0012133 127.9411 123.7058 15.73124972  3986
STARLINK-1436
1 45713U 20035BJ  20175.50001157  .00021370  00000-0  23843-3 0  9990
2 45713  53.0024  73.9344 0001246  69.2898 226.7602 15.62770998  3968
STARLINK-1437
1 45714U 20035BK  20175.50001157  .00020339  00000-0  22776-3 0  9999
2 45714  53.0021  73.9400 0000801 102.9035 190.7078 15.62712021  3963
STARLINK-1438
1 45715U 20035BL  20175.50001157  .00020049  00000-0  22458-3 0  9995
2 45715  53.0019  73.9392 0001116  99.4372 195.3812 15.62714611  3969
STARLINK-1439
1 45716U 20035BM  20175.50001157  .03239775  78151-2  15175-1 0  9997
2 45716  52.9985  71.5783 0034111 119.1349 242.1226 15.83593782  4398
FALCON 9 DEB
1 45717U 20035BN  20175.30251577  .00392618  11489-4  32431-3 0  9991
2 45717  53.0022  71.7133 0083339 123.1484 237.7579 16.05920283  3097
FALCON 9 DEB
1 45718U 20035BP  20175.29652424  .00388447  11495-4  32340-3 0  9997
2 45718  53.0004  71.6693 0080620 123.3838 237.4941 16.06237530  3090
FALCON 9 DEB
1 45719U 20035BQ  20175.28283944  .00412998  11530-4  32442-3 0  9996
2 45719  53.0007  71.5712 0076677 121.1112 239.7472 16.07585223  3093
FALCON 9 DEB
1 45720U 20035BR  20175.15865077  .00374615  11525-4  29962-3 0  9997
2 45720  53.0010  72.2206 0076726 120.8213 240.0399 16.07354697  3078
STARLINK-1461
1 45730U 20038A   20175.75001157  .05630581  00000-0  23676-1 0  9996
2 45730  53.0006 246.5245 0048649  80.4320 244.3497 15.79138691  2938
STARLINK-1465
1 45731U 20038B   20175.75001157  .05693645  00000-0  24012-1 0  9992
2 45731  53.0008 246.5297 0048340  80.7096 241.6331 15.79049679  2775
STARLINK-1466
1 45732U 20038C   20175.75001157  .05750220  00000-0  24074-1 0  9994
2 45732  53.0010 246.5261 0049087  80.8944 242.9347 15.79123875  2932
STARLINK-1467
1 45733U 20038D   20175.75001157  .03765045  13346-1  18376-1 0  9990
2 45733  53.0010 246.5026 0064513  82.8433 251.4600 15.81614312  2939
STARLINK-1468
1 45734U 20038E   20175.75001157  .05412812  00000-0  22911-1 0  9996
2 45734  53.0008 246.5223 0047252  80.1897 245.9361 15.79230962  2936
STARLINK-1471
1 45735U 20038F   20175.75001157  .04012036  16922-1  23981-1 0  9999
2 45735  53.0010 246.5110 0050299  80.9593 250.7108 15.79418010  2936
STARLINK-1472
1 45736U 20038G   20175.75001157  .05912515  00000-0  24702-1 0  9993
2 45736  53.0008 246.5278 0048993  80.7822 242.5432 15.79063203  2939
STARLINK-1473
1 45737U 20038H   20175.75001157  .06201653  00000-0  25587-1 0  9991
2 45737  53.0011 246.5217 0048551  80.6473 245.9762 15.79164542  2939
STARLINK-1474
1 45738U 20038J   20175.75001157  .05635073  00000-0  23853-1 0  9992
2 45738  53.0011 246.5314 0048070  80.5195 240.9489 15.79026145  2931
STARLINK-1475
1 45739U 20038K   20175.75001157  .04057454  18036-1  24778-1 0  9999
2 45739  53.0008 246.5144 0048982  80.7237 249.3907 15.79316560  2773
STARLINK-1479
1 45740U 20038L   20175.75001157  .04008544  16846-1  23910-1 0  9991
2 45740  53.0005 246.5085 0050485  80.7731 251.7281 15.79431125  2931
STARLINK-1480
1 45741U 20038M   20175.75001157  .05857583  00000-0  24495-1 0  9991
2 45741  53.0010 246.5239 0047915  80.5198 244.8819 15.79146305  2931
STARLINK-1481
1 45742U 20038N   20175.75001157  .05744057  00000-0  23956-1 0  9994
2 45742  53.0006 246.5194 0048531  80.8375 246.5236 15.79245695  2936
STARLINK-1483
1 45743U 20038P   20175.75001157  .05668289  00000-0  23992-1 0  9997
2 45743  53.0010 246.5332 0048201  80.6310 240.3418 15.78996627  2770
STARLINK-1500
1 45744U 20038Q   20175.75001157  .03989106  16284-1  23907-1 0  9998
2 45744  53.0010 246.5157 0049126  80.9700 248.1223 15.79300039  2732
STARLINK-1503
1 45745U 20038R   20175.75001157  .03979200  16141-1  23612-1 0  9998
2 45745  53.0007 246.5118 0050059  80.7498 250.2605 15.79410900  2732
STARLINK-1504
1 45746U 20038S   20175.75001157  .04056506  17976-1  24790-1 0  9990
2 45746  53.0006 246.5166 0049031  80.6590 248.0436 15.79282487  2740
STARLINK-1506
1 45747U 20038T   20175.75001157  .06193135  00000-0  25495-1 0  9995
2 45747  53.0008 246.5183 0048786  80.5777 247.1676 15.79204703  2745
STARLINK-1507
1 45748U 20038U   20175.75001157  .03976120  16043-1  23649-1 0  9990
2 45748  53.0008 246.5128 0049622  80.9719 249.4419 15.79370634  2742
STARLINK-1516
1 45749U 20038V   20175.75001157  .04002880  16715-1  23806-1 0  9996
2 45749  53.0004 246.5070 0050799  81.0734 251.7333 15.79439200  2736
STARLINK-1391
1 45750U 20038W   20175.75001157  .01734401  14556-2  54346-2 0  9992
2 45750  53.0006 246.2298 0069462  86.6619  19.5208 15.87071560  2932
STARLINK-1464
1 45751U 20038X   20175.75001157  .02032939  21650-2  63691-2 0  9997
2 45751  53.0005 246.2290 0070843  86.7660  19.6517 15.87082447  2936
STARLINK-1469
1 45752U 20038Y   20175.75001157  .02032529  21600-2  64225-2 0  9992
2 45752  53.0007 246.2038 0070358  86.8212  18.4727 15.86977010  2932
STARLINK-1476
1 45753U 20038Z   20175.75001157  .02017744  21177-2  64013-2 0  9999
2 45753  53.0005 246.2320 0070139  86.8368  17.8828 15.86917471  2934
STARLINK-1477
1 45754U 20038AA  20175.75001157  .02024114  21332-2  64497-2 0  9998
2 45754  53.0006 246.2337 0069869  86.8676  17.0788 15.86869497  2788
STARLINK-1478
1 45755U 20038AB  20175.75001157  .01848613  17164-2  55952-2 0  9990
2 45755  53.0003 246.2114 0071346  86.6626  28.6482 15.87560181  2930
STARLINK-1484
1 45756U 20038AC  20175.75001157  .01989852  20358-2  64141-2 0  9991
2 45756  53.0005 246.2420 0069371  86.7698  13.6133 15.86686736  2939
STARLINK-1486
1 45757U 20038AD  20175.75001157  .01808750  16218-2  55352-2 0  9993
2 45757  53.0001 246.2178 0070807  86.7447  25.1611 15.87396732  2938
STARLINK-1487
1 45758U 20038AE  20175.75001157  .02051264  22290-2  63311-2 0  9996
2 45758  53.0002 246.2134 0070341  86.6539  27.3246 15.87431072  2931
STARLINK-1493
1 45759U 20038AF  20175.75001157  .01989111  20380-2  63639-2 0  9998
2 45759  53.0006 246.2387 0069563  86.7058  15.0044 15.86805971  2748
STARLINK-1494
1 45760U 20038AG  20175.75001157  .01720198  14203-2  54648-2 0  9995
2 45760  53.0005 246.2397 0069691  86.8707  14.6593 15.86781641  2745
STARLINK-1495
1 45761U 20038AH  20175.75001157  .01834393  16773-2  56573-2 0  9992
2 45761  53.0004 246.2187 0070286  86.6963  24.5344 15.87325153  2754
STARLINK-1499
1 45762U 20038AJ  20175.75001157  .01749451  14893-2  54022-2 0  9991
2 45762  53.0005 246.2269 0070904  86.6791  20.7468 15.87188905  2749
STARLINK-1501
1 45763U 20038AK  20175.75001157  .01965242  19933-2  60431-2 0  9991
2 45763  53.0004 246.2228 0071550  86.7507  22.5856 15.87308453  2752
STARLINK-1502
1 45764U 20038AL  20175.75001157  .02034953  21753-2  63602-2 0  9995
2 45764  53.0005 246.2235 0070113  86.7972  22.3865 15.87211420  2746
STARLINK-1508
1 45765U 20038AM  20175.75001157  .01798317  15938-2  55793-2 0  9996
2 45765  53.0005 246.2250 0070213  86.6450  22.0237 15.87203459  2748
STARLINK-1509
1 45766U 20038AN  20175.75001157  .02068906  22767-2  64106-2 0  9998
2 45766  53.0000 246.2161 0070284  86.7234  26.3069 15.87375962  2754
STARLINK-1511
1 45767U 20038AP  20175.75001157  .01855967  17319-2  56456-2 0  9995
2 45767  53.0002 246.2124 0071054  86.5730  28.1140 15.87504966  2759
STARLINK-1521
1 45768U 20038AQ  20175.75001157  .01981133  20184-2  63162-2 0  9997
2 45768  53.0005 246.2353 0069825  86.8012  16.1847 15.86837762  2748
STARLINK-1459
1 45769U 20038AR  20175.75001157  .06050805  00000-0  25167-1 0  9991
2 45769  53.0004 246.4930 0047507  80.4534 246.5069 15.79154416  2939
STARLINK-1462
1 45770U 20038AS  20175.75001157  .01999961  20656-2  64026-2 0  9992
2 45770  53.0007 246.2403 0069736  86.8324  14.5780 15.86781468  2936
STARLINK-1463
1 45771U 20038AT  20175.75001157  .02037891  21699-2  65091-2 0  9990
2 45771  53.0007 246.2350 0069729  86.8148  16.3938 15.86849042  2932
STARLINK-1470
1 45772U 20038AU  20175.75001157  .02034157  21651-2  64249-2 0  9995
2 45772  53.0008 246.2308 0070280  86.7068  18.8611 15.86994891  2939
STARLINK-1482
1 45773U 20038AV  20175.75001157  .02018115  21253-2  63213-2 0  9990
2 45773  53.0005 246.2264 0070668  86.7376  20.4854 15.87097077  2782
STARLINK-1485
1 45774U 20038AW  20175.75001157  .02061565  22607-2  63079-2 0  9992
2 45774  53.0005 246.2124 0071222  86.7574  27.9035 15.87498767  2936
STARLINK-1488
1 45775U 20038AX  20175.75001157  .02054515  22407-2  62767-2 0  9991
2 45775  53.0004 246.2151 0071460  86.6815  26.2999 15.87495243  2787
STARLINK-1489
1 45776U 20038AY  20175.75001157  .02048164  22163-2  63570-2 0  9997
2 45776  53.0005 246.2191 0070325  86.7349  24.4576 15.87326351  2936
STARLINK-1490
1 45777U 20038AZ  20175.75001157  .01976415  20255-2  60653-2 0  9995
2 45777  53.0005 246.2183 0071104  86.6839  24.7116 15.87403659  2948
STARLINK-1491
1 45778U 20038BA  20175.75001157  .01709444  13990-2  54340-2 0  9996
2 45778  53.0008 246.2420 0069492  86.7381  13.6749 15.86787269  2935
STARLINK-1492
1 45779U 20038BB  20175.75001157  .01698473  13792-2  53721-2 0  9998
2 45779  53.0009 246.2377 0069489  86.7761  15.4049 15.86876708  2936
STARLINK-1496
1 45780U 20038BC  20175.75001157  .01790953  15891-2  53747-2 0  9996
2 45780  53.0004 246.2121 0071720  86.6517  27.9247 15.87644876  2757
STARLINK-1497
1 45781U 20038BD  20175.75001157  .02014130  21107-2  66786-2 0  9998
2 45781  52.9984 246.2096 0061584  86.5097  29.4296 15.86991711  2756
STARLINK-1498
1 45782U 20038BE  20175.75001157  .01987822  20511-2  61699-2 0  9991
2 45782  53.0005 246.2197 0070390  86.7795  23.8966 15.87280527  2756
STARLINK-1505
1 45783U 20038BF  20175.75001157  .01961448  19819-2  60867-2 0  9993
2 45783  53.0006 246.2224 0070474  86.7519  22.8182 15.87259245  2758
STARLINK-1510
1 45784U 20038BG  20175.75001157  .02063573  22626-2  63716-2 0  9993
2 45784  53.0005 246.2154 0070604  86.7339  26.3654 15.87401776  2756
STARLINK-1512
1 45785U 20038BH  20175.75001157  .01741912  14697-2  54456-2 0  9993
2 45785  53.0008 246.2325 0070379  86.7389  17.9479 15.87015171  2744
STARLINK-1513
1 45786U 20038BJ  20175.75001157  .01746483  14835-2  53837-2 0  9998
2 45786  53.0007 246.2264 0071031  86.7371  20.7746 15.87205258  2749
STARLINK-1517
1 45787U 20038BK  20175.75001157  .02002392  20822-2  62702-2 0  9998
2 45787  53.0007 246.2299 0070866  86.7483  19.1007 15.87070317  2745
FALCON 9 DEB
1 45791U 20038BP  20174.65627509  .00223533  11320-4  25794-3 0  9992
2 45791  52.9943 251.6988 0105632  84.0664 277.2392 15.97924687  1645
FALCON 9 DEB
1 45792U 20038BQ  20175.21695092  .00223815  11332-4  26027-3 0  9994
2 45792  52.9945 248.7791 0101460  85.3081 275.9526 15.98512465  1731
FALCON 9 DEB
1 45793U 20038BR  20175.21064638  .00247323  11363-4  25910-3 0  9995
2 45793  52.9965 248.7341 0102987  82.7830 278.4893 15.99660812  1739
FALCON 9 DEB
1 45798U 20038BS  20175.39594650  .00263426  11377-4  27463-3 0  9993
2 45798  52.9971 247.7507 0099316  84.1365 277.0975 16.00326469  1763
FALCON 9 DEB
1 45799U 20038BT  20174.23004825  .04170536  11953-4  13622-2 0  9990
2 45799  53.0160 253.2634 0055436  69.2667 291.4300 16.20987171  1580

